    0.015 ets Jul 29 2019 12:21:46
    0.015 
    0.017 rst:0x1 (POWERON_RESET),boot:0x13 (SPI_FAST_FLASH_BOOT)
    0.018 configsip: 0, SPIWP:0xee
    0.028 clk_drv:0x00,q_drv:0x00,d_drv:0x00,cs0_drv:0x00,hd_drv:0x00,wp_drv:0x00
    0.029 mode:DIO, clock div:2
    0.031 load:0x3fff0030,len:4640
    0.031 load:0x40078000,len:15632
    0.031 load:0x40080400,len:3164
    0.031 entry 0x4008059c
    0.597 
    0.597 [BOOT] coordenador - etapa 4
    0.598 [MAC] STA 88:57:21:70:91:fc
    0.598 [MAC] AP  88:57:21:70:91:fd
    0.598 [BOOT] protocolo v1 (22 bytes)
    0.683 [WIFI] varrendo canais...
    4.509 [WIFI] varredura: 24 redes em 3804 ms
    4.509 [SCAN] canal,rssi_dbm,ssid
    4.509 [SCAN] 7,-18,(omitido)
    4.510 [SCAN] 3,-60,(omitido)
    4.520 [SCAN] 11,-67,(omitido)
    4.520 [SCAN] 10,-70,(omitido)
    4.520 [SCAN] 5,-72,(omitido)
    4.521 [SCAN] 1,-73,(omitido)
    4.521 [SCAN] 6,-83,(omitido)
    4.531 [SCAN] 8,-83,(omitido)
    4.531 [SCAN] 11,-83,(omitido)
    4.532 [SCAN] 6,-84,(omitido)
    4.532 [SCAN] 8,-85,(omitido)
    4.532 [SCAN] 11,-87,(omitido)
    4.532 [SCAN] 1,-90,(omitido)
    4.532 [SCAN] 1,-91,(omitido)
    4.542 [SCAN] 6,-92,(omitido)
    4.543 [SCAN] 8,-92,(omitido)
    4.543 [SCAN] 8,-92,(omitido)
    4.543 [SCAN] 8,-92,(omitido)
    4.543 [SCAN] 8,-92,(omitido)
    4.543 [SCAN] 3,-93,(omitido)
    4.554 [SCAN] 3,-93,(omitido)
    4.554 [SCAN] 11,-93,(omitido)
    4.554 [SCAN] 11,-95,(omitido)
    4.554 [SCAN] 10,-97,(omitido)
    4.564 [WIFI] canal  1: 3 no canal, 4 sobrepostas, mais forte -60 dBm
    4.565 [WIFI] canal  6: 3 no canal, 13 sobrepostas, mais forte -18 dBm
    4.565 [WIFI] canal 11: 5 no canal, 9 sobrepostas, mais forte -18 dBm
    4.768 [WIFI] SoftAP "horta-coord" canal 1, MAC AP 88:57:21:70:91:FD, IP 192.168.4.1
    4.779 [ESPNOW] pronto: versao 2, fila de 16 itens (272 bytes cada)
    4.790 [CSV] t_ms,mac,nome,rssi,ruido,len,validacao,classe,perdidos,boot,seq,temp_c100,ur_c100,solo_mv,alim_mv,estados,motivo_boot,acordado_ant_ms,tent_ant,flags
    4.794 [RESUMO] t_ms,mac,nome,recebidos,rejeitados,aceitos,perdidos,descartados,reinicios,sem_ack,entrega_pct,rssi_medio,rssi_min,rssi_max
   10.398 [CSV] 9978,88:57:21:70:93:70,no1,-37,-96,22,nenhuma,primeiro,0,28,1,2165,6068,1028,3378,0,8,757,3,2
   20.357 [CSV] 19952,88:57:21:70:93:70,no1,-38,-96,22,nenhuma,novo,0,28,2,2165,6065,1030,3377,0,8,133,1,0
   30.309 [CSV] 29931,88:57:21:70:93:70,no1,-40,-96,22,nenhuma,novo,0,28,3,2166,6068,1029,3378,0,8,133,1,0
   40.329 [CSV] 39916,88:57:21:70:93:70,no1,-40,-96,22,nenhuma,novo,0,28,4,2165,6073,1028,3381,0,8,132,1,0
   50.329 [CSV] 49899,88:57:21:70:93:70,no1,-40,-96,22,nenhuma,novo,0,28,5,2167,6070,1026,3380,0,8,134,1,0
   60.256 [CSV] 59885,88:57:21:70:93:70,no1,-40,-96,22,nenhuma,novo,0,28,6,2167,6075,1036,3378,0,8,132,1,0
   60.455 [RESUMO] 60086,88:57:21:70:93:70,no1,6,0,6,0,0,0,1,100.00,-39.2,-40,-37
   70.262 [CSV] 69865,88:57:21:70:93:70,no1,-40,-96,22,nenhuma,novo,0,28,7,2167,6076,1030,3377,0,8,132,1,0
   80.292 [CSV] 79847,88:57:21:70:93:70,no1,-38,-96,22,nenhuma,novo,0,28,8,2168,6082,1033,3377,0,8,132,1,0
   90.196 [CSV] 89832,88:57:21:70:93:70,no1,-40,-96,22,nenhuma,novo,0,28,9,2168,6074,1028,3379,0,8,132,1,0
  100.200 [CSV] 99820,88:57:21:70:93:70,no1,-40,-96,22,nenhuma,novo,0,28,10,2169,6068,1030,3379,0,8,132,1,0
  110.231 [CSV] 109804,88:57:21:70:93:70,no1,-40,-96,22,nenhuma,novo,0,28,11,2171,6066,1030,3380,0,8,132,1,0
  120.268 [CSV] 119790,88:57:21:70:93:70,no1,-40,-96,22,nenhuma,novo,0,28,12,2170,6062,1031,3380,0,8,132,1,0
  120.568 [RESUMO] 120091,88:57:21:70:93:70,no1,12,0,12,0,0,0,1,100.00,-39.4,-40,-37
  130.259 [CSV] 129771,88:57:21:70:93:70,no1,-40,-96,22,nenhuma,novo,0,28,13,2172,6061,1031,3379,0,8,133,1,0
  140.154 [CSV] 139748,88:57:21:70:93:70,no1,-40,-96,22,nenhuma,novo,0,28,14,2171,6060,1033,3378,0,8,132,1,0
  150.072 [CSV] 149734,88:57:21:70:93:70,no1,-41,-96,22,nenhuma,novo,0,28,15,2172,6058,1029,3379,0,8,132,1,0
  160.029 [CSV] 159718,88:57:21:70:93:70,no1,-62,-96,22,nenhuma,novo,0,28,16,2174,6059,1031,3380,0,8,132,1,0
  170.065 [CSV] 169699,88:57:21:70:93:70,no1,-40,-96,22,nenhuma,novo,0,28,17,2173,6056,1032,3379,0,8,134,1,0
  180.090 [CSV] 179682,88:57:21:70:93:70,no1,-40,-96,22,nenhuma,novo,0,28,18,2175,6060,1027,3377,0,8,133,1,0
  180.484 [RESUMO] 180083,88:57:21:70:93:70,no1,18,0,18,0,0,0,1,100.00,-40.9,-62,-37
  190.055 [CSV] 189668,88:57:21:70:93:70,no1,-40,-96,22,nenhuma,novo,0,28,19,2173,6067,1028,3379,0,8,132,1,0
  200.055 [CSV] 199642,88:57:21:70:93:70,no1,-40,-96,22,nenhuma,novo,0,28,20,2175,6071,1030,3381,0,8,132,1,0
  210.068 [CSV] 209619,88:57:21:70:93:70,no1,-41,-96,22,nenhuma,novo,0,28,21,2176,6067,1031,3378,0,8,132,1,0
  219.933 [CSV] 219597,88:57:21:70:93:70,no1,-40,-96,22,nenhuma,novo,0,28,22,2175,6066,1032,3378,0,8,133,1,0
  229.937 [CSV] 229574,88:57:21:70:93:70,no1,-40,-96,22,nenhuma,novo,0,28,23,2175,6081,1039,3378,0,8,132,1,0
  239.985 [CSV] 239561,88:57:21:70:93:70,no1,-40,-96,22,nenhuma,novo,0,28,24,2175,6081,1027,3376,0,8,132,1,0
  240.486 [RESUMO] 240061,88:57:21:70:93:70,no1,24,0,24,0,0,0,1,100.00,-40.7,-62,-37
  249.897 [CSV] 249542,88:57:21:70:93:70,no1,-41,-96,22,nenhuma,novo,0,28,25,2176,6075,1032,3380,0,8,132,1,0
  259.888 [CSV] 259526,88:57:21:70:93:70,no1,-41,-96,22,nenhuma,novo,0,28,26,2179,6078,1030,3376,0,8,133,1,0
  269.912 [CSV] 269502,88:57:21:70:93:70,no1,-40,-96,22,nenhuma,novo,0,28,27,2178,6078,1030,3377,0,8,136,1,0
  279.858 [CSV] 279477,88:57:21:70:93:70,no1,-40,-96,22,nenhuma,novo,0,28,28,2178,6072,1027,3383,0,8,133,1,0
  289.828 [CSV] 289464,88:57:21:70:93:70,no1,-36,-96,22,nenhuma,novo,0,28,29,2180,6072,1030,3375,0,8,132,1,0
  299.840 [CSV] 299440,88:57:21:70:93:70,no1,-36,-96,22,nenhuma,novo,0,28,30,2179,6068,1034,3380,0,8,135,1,0
  300.442 [RESUMO] 300041,88:57:21:70:93:70,no1,30,0,30,0,0,0,1,100.00,-40.4,-62,-36
  309.819 [CSV] 309425,88:57:21:70:93:70,no1,-40,-96,22,nenhuma,novo,0,28,31,2179,6066,1031,3375,0,8,132,1,0
  319.762 [CSV] 319402,88:57:21:70:93:70,no1,-41,-96,22,nenhuma,novo,0,28,32,2179,6070,1030,3377,0,8,132,1,0
  329.776 [CSV] 329385,88:57:21:70:93:70,no1,-40,-96,22,nenhuma,novo,0,28,33,2180,6068,1030,3378,0,8,132,1,0
  339.784 [CSV] 339364,88:57:21:70:93:70,no1,-41,-96,22,nenhuma,novo,0,28,34,2181,6068,1029,3378,0,8,132,1,0
  349.711 [CSV] 349347,88:57:21:70:93:70,no1,-40,-96,22,nenhuma,novo,0,28,35,2183,6066,1032,3377,0,8,132,1,0
  359.717 [CSV] 359329,88:57:21:70:93:70,no1,-36,-96,22,nenhuma,novo,0,28,36,2182,6069,1032,3379,0,8,132,1,0
  360.419 [RESUMO] 360030,88:57:21:70:93:70,no1,36,0,36,0,0,0,1,100.00,-40.2,-62,-36
  369.744 [CSV] 369311,88:57:21:70:93:70,no1,-41,-96,22,nenhuma,novo,0,28,37,2184,6068,1031,3381,0,8,132,1,0
  379.657 [CSV] 379296,88:57:21:70:93:70,no1,-40,-96,22,nenhuma,novo,0,28,38,2183,6064,1030,3376,0,8,132,1,0
  389.645 [CSV] 389272,88:57:21:70:93:70,no1,-40,-96,22,nenhuma,novo,0,28,39,2182,6061,1031,3376,0,8,132,1,0
  399.670 [CSV] 399255,88:57:21:70:93:70,no1,-41,-96,22,nenhuma,novo,0,28,40,2183,6062,1030,3380,0,8,132,1,0
  409.607 [CSV] 409233,88:57:21:70:93:70,no1,-40,-96,22,nenhuma,novo,0,28,41,2182,6060,1035,3381,0,8,135,1,0
  419.576 [CSV] 419207,88:57:21:70:93:70,no1,-40,-96,22,nenhuma,novo,0,28,42,2184,6060,1026,3377,0,8,132,1,0
  420.376 [RESUMO] 420008,88:57:21:70:93:70,no1,42,0,42,0,0,0,1,100.00,-40.3,-62,-36
  429.586 [CSV] 429181,88:57:21:70:93:70,no1,-37,-96,22,nenhuma,novo,0,28,43,2186,6089,1031,3378,0,8,135,1,0
  439.553 [CSV] 439166,88:57:21:70:93:70,no1,-42,-96,22,nenhuma,novo,0,28,44,2185,6089,1028,3378,0,8,132,1,0
  449.506 [CSV] 449145,88:57:21:70:93:70,no1,-39,-96,22,nenhuma,novo,0,28,45,2188,6096,1027,3374,0,8,132,1,0
  459.523 [CSV] 459129,88:57:21:70:93:70,no1,-44,-96,22,nenhuma,novo,0,28,46,2187,6105,1027,3375,0,8,132,1,0
  469.518 [CSV] 469110,88:57:21:70:93:70,no1,-43,-96,22,nenhuma,novo,0,28,47,2187,6100,1024,3372,0,8,132,1,0
  479.451 [CSV] 479089,88:57:21:70:93:70,no1,-44,-96,22,nenhuma,novo,0,28,48,2186,6100,1031,3378,0,8,132,1,0
  480.450 [RESUMO] 480089,88:57:21:70:93:70,no1,48,0,48,0,0,0,1,100.00,-40.4,-62,-36
  489.460 [CSV] 489071,88:57:21:70:93:70,no1,-44,-96,22,nenhuma,novo,0,28,49,2187,6073,1031,3377,0,8,132,1,0
  499.483 [CSV] 499049,88:57:21:70:93:70,no1,-44,-96,22,nenhuma,novo,0,28,50,2186,5991,1030,3374,0,8,132,1,0
  509.395 [CSV] 509033,88:57:21:70:93:70,no1,-34,-96,22,nenhuma,novo,0,28,51,2184,5951,1030,3374,0,8,132,1,0
  519.391 [CSV] 519013,88:57:21:70:93:70,no1,-44,-96,22,nenhuma,novo,0,28,52,2182,5894,1031,3379,0,8,132,1,0
  529.420 [CSV] 528999,88:57:21:70:93:70,no1,-44,-96,22,nenhuma,novo,0,28,53,2181,5827,1027,3380,0,8,132,1,0
  539.350 [CSV] 538983,88:57:21:70:93:70,no1,-44,-96,22,nenhuma,novo,0,28,54,2181,5781,1025,3378,0,8,133,1,0
  540.444 [RESUMO] 540083,88:57:21:70:93:70,no1,54,0,54,0,0,0,1,100.00,-40.6,-62,-34
  549.331 [CSV] 548967,88:57:21:70:93:70,no1,-44,-96,22,nenhuma,novo,0,28,55,2179,5740,1029,3371,0,8,132,1,0
  559.344 [CSV] 558943,88:57:21:70:93:70,no1,-44,-96,22,nenhuma,novo,0,28,56,2178,5701,1029,3380,0,8,134,1,0
  569.372 [CSV] 568923,88:57:21:70:93:70,no1,-44,-96,22,nenhuma,novo,0,28,57,2176,5646,1026,3376,0,8,132,1,0
  579.402 [CSV] 578902,88:57:21:70:93:70,no1,-44,-96,22,nenhuma,novo,0,28,58,2178,5650,1031,3378,0,8,132,1,0
  589.431 [CSV] 588889,88:57:21:70:93:70,no1,-44,-96,22,nenhuma,novo,0,28,59,2177,5650,1025,3374,0,8,132,1,0
  599.225 [CSV] 598865,88:57:21:70:93:70,no1,-44,-96,22,nenhuma,novo,0,28,60,2175,5644,1027,3376,0,8,133,1,0
  600.408 [RESUMO] 600066,88:57:21:70:93:70,no1,60,0,60,0,0,0,1,100.00,-41.0,-62,-34
  609.142 [CSV] 608837,88:57:21:70:93:70,no1,-46,-96,22,nenhuma,novo,0,28,61,2173,5697,1025,3374,0,8,135,1,0
  619.151 [CSV] 618812,88:57:21:70:93:70,no1,-36,-96,22,nenhuma,novo,0,28,62,2176,5767,1029,3374,0,8,133,1,0
  629.217 [CSV] 628791,88:57:21:70:93:70,no1,-45,-96,22,nenhuma,novo,0,28,63,2176,5811,1024,3374,0,8,132,1,0
  639.144 [CSV] 638775,88:57:21:70:93:70,no1,-47,-96,22,nenhuma,novo,0,28,64,2179,5855,1021,3379,0,8,132,1,0
  649.141 [CSV] 648749,88:57:21:70:93:70,no1,-46,-96,22,nenhuma,novo,0,28,65,2178,5875,1031,3373,0,8,132,1,0
  659.170 [CSV] 658732,88:57:21:70:93:70,no1,-47,-96,22,nenhuma,novo,0,28,66,2178,5876,1024,3378,0,8,132,1,0
  660.475 [RESUMO] 660033,88:57:21:70:93:70,no1,66,0,66,0,0,0,1,100.00,-41.3,-62,-34
  669.186 [CSV] 668710,88:57:21:70:93:70,no1,-47,-96,22,nenhuma,novo,0,28,67,2178,5882,1024,3375,0,8,132,1,0
  679.134 [CSV] 678696,88:57:21:70:93:70,no1,-47,-96,22,nenhuma,novo,0,28,68,2176,5899,1028,3376,0,8,132,1,0
  689.095 [CSV] 688679,88:57:21:70:93:70,no1,-48,-96,22,nenhuma,novo,0,28,69,2176,5920,1024,3375,0,8,134,1,0
  699.053 [CSV] 698662,88:57:21:70:93:70,no1,-47,-96,22,nenhuma,novo,0,28,70,2176,5922,1032,3374,0,8,132,1,0
  709.027 [CSV] 708643,88:57:21:70:93:70,no1,-48,-96,22,nenhuma,novo,0,28,71,2176,5927,1027,3368,0,8,132,1,0
  719.007 [CSV] 718623,88:57:21:70:93:70,no1,-47,-96,22,nenhuma,novo,0,28,72,2180,5971,1018,3380,0,8,132,1,0
  720.405 [RESUMO] 720024,88:57:21:70:93:70,no1,72,0,72,0,0,0,1,100.00,-41.8,-62,-34
  728.947 [CSV] 728607,88:57:21:70:93:70,no1,-46,-96,22,nenhuma,novo,0,28,73,2182,5993,1025,3375,0,8,132,1,0
  738.866 [CSV] 738587,88:57:21:70:93:70,no1,-47,-96,22,nenhuma,novo,0,28,74,2179,5990,1025,3380,0,8,132,1,0
  748.846 [CSV] 748566,88:57:21:70:93:70,no1,-47,-96,22,nenhuma,novo,0,28,75,2179,5996,1027,3375,0,8,134,1,0
  758.880 [CSV] 758549,88:57:21:70:93:70,no1,-47,-96,22,nenhuma,novo,0,28,76,2176,6005,1026,3379,0,8,135,1,0
  768.896 [CSV] 768531,88:57:21:70:93:70,no1,-46,-96,22,nenhuma,novo,0,28,77,2178,6011,1027,3375,0,8,134,1,0
  778.879 [CSV] 778513,88:57:21:70:93:70,no1,-47,-96,22,nenhuma,novo,0,28,78,2178,6029,1028,3377,0,8,132,1,0
  780.386 [RESUMO] 780014,88:57:21:70:93:70,no1,78,0,78,0,0,0,1,100.00,-42.2,-62,-34
  788.885 [CSV] 788496,88:57:21:70:93:70,no1,-47,-96,22,nenhuma,novo,0,28,79,2177,6024,1025,3375,0,8,132,1,0
  798.795 [CSV] 798473,88:57:21:70:93:70,no1,-47,-96,22,nenhuma,novo,0,28,80,2175,6021,1029,3384,0,8,132,1,0
  808.779 [CSV] 808460,88:57:21:70:93:70,no1,-47,-96,22,nenhuma,novo,0,28,81,2174,6013,1028,3376,0,8,132,1,0
  818.783 [CSV] 818440,88:57:21:70:93:70,no1,-47,-96,22,nenhuma,novo,0,28,82,2174,6009,1031,3372,0,8,132,1,0
  828.753 [CSV] 828420,88:57:21:70:93:70,no1,-47,-96,22,nenhuma,novo,0,28,83,2174,6012,1028,3373,0,8,132,1,0
  838.772 [CSV] 838398,88:57:21:70:93:70,no1,-47,-96,22,nenhuma,novo,0,28,84,2176,6035,1025,3374,0,8,132,1,0
  840.468 [RESUMO] 840099,88:57:21:70:93:70,no1,84,0,84,0,0,0,1,100.00,-42.5,-62,-34
  848.766 [CSV] 848377,88:57:21:70:93:70,no1,-47,-96,22,nenhuma,novo,0,28,85,2175,6042,1020,3377,0,8,132,1,0
  858.702 [CSV] 858357,88:57:21:70:93:70,no1,-47,-96,22,nenhuma,novo,0,28,86,2176,6042,1026,3376,0,8,132,1,0
  868.667 [CSV] 868340,88:57:21:70:93:70,no1,-48,-96,22,nenhuma,novo,0,28,87,2174,6042,1030,3379,0,8,132,1,0
  878.687 [CSV] 878323,88:57:21:70:93:70,no1,-47,-96,22,nenhuma,novo,0,28,88,2172,6044,1027,3375,0,8,132,1,0
  888.671 [CSV] 888307,88:57:21:70:93:70,no1,-48,-96,22,nenhuma,novo,0,28,89,2174,6057,1028,3377,0,8,132,1,0
  898.622 [CSV] 898290,88:57:21:70:93:70,no1,-49,-96,22,nenhuma,novo,0,28,90,2176,6063,1031,3374,0,8,132,1,0
  900.419 [RESUMO] 900090,88:57:21:70:93:70,no1,90,0,90,0,0,0,1,100.00,-42.9,-62,-34
  908.633 [CSV] 908267,88:57:21:70:93:70,no1,-48,-96,22,nenhuma,novo,0,28,91,2176,6074,1030,3373,0,8,135,1,0
  918.643 [CSV] 918251,88:57:21:70:93:70,no1,-48,-96,22,nenhuma,novo,0,28,92,2174,6068,1032,3373,0,8,132,1,0
  928.560 [CSV] 928229,88:57:21:70:93:70,no1,-47,-96,22,nenhuma,novo,0,28,93,2177,6072,1026,3374,0,8,132,1,0
  938.546 [CSV] 938210,88:57:21:70:93:70,no1,-47,-96,22,nenhuma,novo,0,28,94,2176,6068,1028,3375,0,8,134,1,0
  948.561 [CSV] 948191,88:57:21:70:93:70,no1,-48,-96,22,nenhuma,novo,0,28,95,2175,6057,1033,3378,0,8,132,1,0
  958.503 [CSV] 958166,88:57:21:70:93:70,no1,-47,-96,22,nenhuma,novo,0,28,96,2175,6062,1029,3375,0,8,132,1,0
  960.399 [RESUMO] 960067,88:57:21:70:93:70,no1,96,0,96,0,0,0,1,100.00,-43.1,-62,-34
  968.508 [CSV] 968145,88:57:21:70:93:70,no1,-48,-96,22,nenhuma,novo,0,28,97,2174,6067,1032,3379,0,8,133,1,0
  978.519 [CSV] 978123,88:57:21:70:93:70,no1,-47,-96,22,nenhuma,novo,0,28,98,2176,6068,1030,3370,0,8,132,1,0
  988.474 [CSV] 988111,88:57:21:70:93:70,no1,-48,-96,22,nenhuma,novo,0,28,99,2176,6072,1033,3373,0,8,132,1,0
  998.431 [CSV] 998089,88:57:21:70:93:70,no1,-47,-96,22,nenhuma,novo,0,28,100,2176,6070,1029,3376,0,8,132,1,0
