    0.016 ets Jul 29 2019 12:21:46
    0.016 
    0.017 rst:0x1 (POWERON_RESET),boot:0x13 (SPI_FAST_FLASH_BOOT)
    0.018 configsip: 0, SPIWP:0xee
    0.027 clk_drv:0x00,q_drv:0x00,d_drv:0x00,cs0_drv:0x00,hd_drv:0x00,wp_drv:0x00
    0.028 mode:DIO, clock div:2
    0.028 load:0x3fff0030,len:4640
    0.031 load:0x40078000,len:15632
    0.031 load:0x40080400,len:3164
    0.031 entry 0x4008059c
    0.608 
    0.609 [BOOT] no sensor - etapa 4
    0.622 [BOOT] boot=8 motivo=1 protocolo v1 (22 bytes) canal=1 destino=88:57:21:70:91:fd
    0.628 [ENVIO] boot,seq,ack,tentativas,ligar_us,t1_us,t2_us,t3_us,envio_us,erro,tent_ant,flags,leitura_us,ciclo_us
    1.012 [ENVIO] 8,0,0,3,96030,46516,38213,37614,175888,,0,0,98650,380695
    2.917 [ENVIO] 8,1,0,3,19205,35080,37283,32223,154956,,3,2,98020,281561
    4.797 [ENVIO] 8,2,1,1,19276,30776,,,30829,,3,2,98009,157565
    6.776 [ENVIO] 8,3,1,1,19175,3073,,,3125,,1,0,98008,129561
    8.832 [ENVIO] 8,4,1,1,19251,3072,,,3125,,1,0,98009,130566
   10.869 [ENVIO] 8,5,1,1,19140,3050,,,3103,,1,0,98008,129561
   12.872 [ENVIO] 8,6,1,1,19222,3079,,,3132,,1,0,98009,130566
   14.874 [ENVIO] 8,7,1,1,19214,4626,,,4678,,1,0,98007,131561
   16.877 [ENVIO] 8,8,1,1,19243,3281,,,3335,,1,0,98008,130565
   18.880 [ENVIO] 8,9,1,1,19213,3058,,,3111,,1,0,98009,130561
   20.884 [ENVIO] 8,10,1,1,19248,3067,,,3119,,1,0,98004,130565
   22.886 [ENVIO] 8,11,1,1,19213,3687,,,3744,,1,0,98009,130561
   24.863 [ENVIO] 8,12,1,1,19249,3751,,,3804,,1,0,98004,130565
   26.855 [ENVIO] 8,13,1,1,19216,3098,,,3150,,1,0,98010,130561
   28.857 [ENVIO] 8,14,1,1,19242,3667,,,3720,,1,0,98007,130565
   30.859 [ENVIO] 8,15,1,1,19242,3083,,,3136,,1,0,98008,130561
   32.857 [ENVIO] 8,16,1,1,19222,3296,,,3349,,1,0,98007,130565
   34.855 [ENVIO] 8,17,1,1,19213,3062,,,3114,,1,0,98007,130561
   36.854 [ENVIO] 8,18,1,1,19227,3274,,,3327,,1,0,98003,130565
   38.855 [ENVIO] 8,19,1,1,19213,3086,,,3138,,1,0,98009,130561
   40.804 [ENVIO] 8,20,1,1,19249,3104,,,3156,,1,0,98004,130565
   42.774 [ENVIO] 8,21,1,1,19239,3184,,,3237,,1,0,98008,130561
   44.751 [ENVIO] 8,22,1,1,19222,3087,,,3139,,1,0,98007,130565
   46.734 [ENVIO] 8,23,1,1,19239,3140,,,3193,,1,0,98008,130561
   48.722 [ENVIO] 8,24,1,1,19248,3067,,,3119,,1,0,98003,130565
   50.713 [ENVIO] 8,25,1,1,19213,3099,,,3151,,1,0,98008,130561
   52.706 [ENVIO] 8,26,1,1,19222,3112,,,3164,,1,0,98006,130565
   54.702 [ENVIO] 8,27,1,1,19248,3108,,,3160,,1,0,98009,130561
   56.732 [ENVIO] 8,28,1,1,19222,4201,,,4254,,1,0,98008,131565
   58.768 [ENVIO] 8,29,1,1,19242,7476,,,7529,,1,0,98008,134561
   60.775 [ENVIO] 8,30,1,1,19227,3756,,,3809,,1,0,98004,130565
   62.773 [ENVIO] 8,31,1,1,19213,3161,,,3214,,1,0,98009,130561
   64.780 [ENVIO] 8,32,1,1,19248,3107,,,3161,,1,0,98004,130565
   66.788 [ENVIO] 8,33,1,1,19239,3071,,,3123,,1,0,98008,130561
   68.795 [ENVIO] 8,34,1,1,19222,3100,,,3154,,1,0,98007,130565
   70.804 [ENVIO] 8,35,1,1,19213,3062,,,3114,,1,0,98009,130561
   72.830 [ENVIO] 8,36,1,1,19222,3107,,,3160,,1,0,98008,130565
   74.833 [ENVIO] 8,37,1,1,19242,3104,,,3157,,1,0,98008,130561
   76.814 [ENVIO] 8,38,1,1,19222,3083,,,3136,,1,0,98008,130565
   78.800 [ENVIO] 8,39,1,1,19213,3062,,,3114,,1,0,98008,130561
   80.807 [ENVIO] 8,40,1,1,19243,4076,,,4129,,1,0,98007,131565
   82.818 [ENVIO] 8,41,1,1,19248,3180,,,3232,,1,0,98009,130561
   84.815 [ENVIO] 8,42,1,1,19222,3100,,,3154,,1,0,98007,130565
   86.811 [ENVIO] 8,43,1,1,19213,3082,,,3135,,1,0,98009,130561
   88.814 [ENVIO] 8,44,1,1,19227,3100,,,3153,,1,0,98004,130565
   90.818 [ENVIO] 8,45,1,1,19214,3100,,,3152,,1,0,98008,130561
   92.826 [ENVIO] 8,46,1,1,19248,7149,,,7201,,1,0,98004,134565
   94.823 [ENVIO] 8,47,1,1,19213,3238,,,3292,,1,0,98009,130561
   96.842 [ENVIO] 8,48,1,1,19243,3092,,,3144,,1,0,98007,130565
   98.850 [ENVIO] 8,49,1,1,19213,3062,,,3114,,1,0,98009,130561
  100.849 [ENVIO] 8,50,1,1,19222,3079,,,3132,,1,0,98007,130565
  102.850 [ENVIO] 8,51,1,1,19213,4194,,,4247,,1,0,98008,131561
  104.834 [ENVIO] 8,52,1,1,19222,3057,,,3110,,1,0,98008,130565
  106.804 [ENVIO] 8,53,1,1,19248,3811,,,3864,,1,0,98008,130561
  108.782 [ENVIO] 8,54,1,1,19227,3083,,,3135,,1,0,98003,130565
  110.768 [ENVIO] 8,55,1,1,19239,6773,,,6825,,1,0,98008,133561
  112.762 [ENVIO] 8,56,1,1,19222,3079,,,3132,,1,0,98007,130565
  114.764 [ENVIO] 8,57,1,1,19239,3107,,,3160,,1,0,98008,130561
  116.757 [ENVIO] 8,58,1,1,19227,3100,,,3154,,1,0,98003,130565
  118.751 [ENVIO] 8,59,1,1,19213,3726,,,3778,,1,0,98009,130561
  120.760 [ENVIO] 8,60,1,1,19243,3087,,,3139,,1,0,98007,130565
  122.778 [ENVIO] 8,61,1,1,19213,8774,,,8826,,1,0,98009,135561
  124.777 [ENVIO] 8,62,1,1,19222,5443,,,5496,,1,0,98009,132565
  126.773 [ENVIO] 8,63,1,1,19214,3062,,,3114,,1,0,98009,130561
  128.784 [ENVIO] 8,64,1,1,19243,3091,,,3143,,1,0,98007,130565
  130.798 [ENVIO] 8,65,1,1,19239,3071,,,3123,,1,0,98009,130561
  132.805 [ENVIO] 8,66,1,1,19227,3366,,,3419,,1,0,98006,130565
  134.807 [ENVIO] 8,67,1,1,19248,5354,,,5406,,1,0,98008,132561
  136.803 [ENVIO] 8,68,1,1,19243,3108,,,3161,,1,0,98008,130565
  138.791 [ENVIO] 8,69,1,1,19242,3097,,,3150,,1,0,98009,130561
  140.780 [ENVIO] 8,70,1,1,19244,3107,,,3160,,1,0,98007,130565
  142.765 [ENVIO] 8,71,1,1,19239,3147,,,3201,,1,0,98008,130561
  144.769 [ENVIO] 8,72,1,1,19222,3057,,,3109,,1,0,98007,130565
  146.778 [ENVIO] 8,73,1,1,19239,3101,,,3155,,1,0,98008,130561
  148.778 [ENVIO] 8,74,1,1,19244,3091,,,3143,,1,0,98007,130565
  150.773 [ENVIO] 8,75,1,1,19214,3062,,,3114,,1,0,98009,130561
  152.791 [ENVIO] 8,76,1,1,19222,4205,,,4257,,1,0,98007,131565
  154.811 [ENVIO] 8,77,1,1,19248,3074,,,3126,,1,0,98007,130561
  156.817 [ENVIO] 8,78,1,1,19222,3083,,,3136,,1,0,98008,130565
  158.819 [ENVIO] 8,79,1,1,19214,3090,,,3142,,1,0,98009,130561
  160.830 [ENVIO] 8,80,1,1,19243,3185,,,3237,,1,0,98007,130565
  162.842 [ENVIO] 8,81,1,1,19213,3182,,,3234,,1,0,98009,130561
  164.857 [ENVIO] 8,82,1,1,19222,5096,,,5149,,1,0,98008,132565
  166.869 [ENVIO] 8,83,1,1,19213,5149,,,5202,,1,0,98009,132561
  168.853 [ENVIO] 8,84,1,1,19222,3077,,,3130,,1,0,98008,130565
  170.822 [ENVIO] 8,85,1,1,19242,4425,,,4478,,1,0,98010,131561
  172.799 [ENVIO] 8,86,1,1,19222,3193,,,3246,,1,0,98009,130565
  174.784 [ENVIO] 8,87,1,1,19239,3096,,,3149,,1,0,98008,130561
  176.776 [ENVIO] 8,88,1,1,19222,5846,,,5899,,1,0,98008,132565
  178.769 [ENVIO] 8,89,1,1,19248,3099,,,3151,,1,0,98009,130561
  180.767 [ENVIO] 8,90,1,1,19222,3079,,,3132,,1,0,98007,130565
  182.767 [ENVIO] 8,91,1,1,19248,3152,,,3204,,1,0,98009,130561
  184.773 [ENVIO] 8,92,1,1,19222,6907,,,6960,,1,0,98007,133565
  186.775 [ENVIO] 8,93,1,1,19239,3070,,,3123,,1,0,98009,130561
  188.781 [ENVIO] 8,94,1,1,19244,3086,,,3138,,1,0,98007,130565
  190.788 [ENVIO] 8,95,1,1,19213,3396,,,3448,,1,0,98010,130561
  192.797 [ENVIO] 8,96,1,1,19222,3117,,,3170,,1,0,98007,130565
  194.807 [ENVIO] 8,97,1,1,19213,3062,,,3114,,1,0,98009,130561
  196.818 [ENVIO] 8,98,1,1,19222,3083,,,3135,,1,0,98007,130565
  198.831 [ENVIO] 8,99,1,1,19213,6965,,,7018,,1,0,98009,133561
  200.838 [ENVIO] 8,100,1,1,19222,3079,,,3131,,1,0,98008,130565
  202.814 [ENVIO] 8,101,1,1,19239,3147,,,3201,,1,0,98008,130561
  204.796 [ENVIO] 8,102,1,1,19243,3066,,,3119,,1,0,98007,130565
  206.785 [ENVIO] 8,103,1,1,19213,4394,,,4447,,1,0,98008,131561
  208.778 [ENVIO] 8,104,1,1,19243,3067,,,3119,,1,0,98007,130565
  210.774 [ENVIO] 8,105,1,1,19242,3061,,,3114,,1,0,98009,130561
  212.774 [ENVIO] 8,106,1,1,19222,3100,,,3154,,1,0,98007,130565
  214.776 [ENVIO] 8,107,1,1,19213,3058,,,3111,,1,0,98009,130561
  216.780 [ENVIO] 8,108,1,1,19243,3086,,,3139,,1,0,98007,130565
  218.789 [ENVIO] 8,109,1,1,19239,7221,,,7273,,1,0,98009,134561
  220.791 [ENVIO] 8,110,1,1,19243,3067,,,3119,,1,0,98007,130565
  222.799 [ENVIO] 8,111,1,1,19214,3489,,,3541,,1,0,98009,130561
  224.846 [ENVIO] 8,112,1,1,19222,3083,,,3136,,1,0,98009,130565
  226.887 [ENVIO] 8,113,1,1,19213,3082,,,3134,,1,0,98009,130561
  228.895 [ENVIO] 8,114,1,1,19222,4797,,,4850,,1,0,98007,131565
  230.903 [ENVIO] 8,115,1,1,19213,3086,,,3139,,1,0,98009,130561
  232.899 [ENVIO] 8,116,1,1,19222,4444,,,4497,,1,0,98007,131565
  234.842 [ENVIO] 8,117,1,1,19248,3112,,,3164,,1,0,98009,130561
  236.800 [ENVIO] 8,118,1,1,19243,3105,,,3157,,1,0,98007,130565
  238.780 [ENVIO] 8,119,1,1,19213,4499,,,4553,,1,0,98008,131561
  240.767 [ENVIO] 8,120,1,1,19243,3105,,,3157,,1,0,98007,130565
  242.760 [ENVIO] 8,121,1,1,19239,3176,,,3229,,1,0,98009,130561
  244.757 [ENVIO] 8,122,1,1,19222,3096,,,3150,,1,0,98007,130565
  246.758 [ENVIO] 8,123,1,1,19242,3104,,,3157,,1,0,98008,130561
  248.776 [ENVIO] 8,124,1,1,19222,3100,,,3154,,1,0,98007,130565
  250.801 [ENVIO] 8,125,1,1,19213,4086,,,4139,,1,0,98008,131561
  252.813 [ENVIO] 8,126,1,1,19292,3051,,,3104,,1,0,98008,130565
  254.819 [ENVIO] 8,127,1,1,19239,4549,,,4602,,1,0,98009,131561
  256.827 [ENVIO] 8,128,1,1,19243,3112,,,3165,,1,0,98006,130565
  258.838 [ENVIO] 8,129,1,1,19248,3099,,,3151,,1,0,98009,130561
  260.849 [ENVIO] 8,130,1,1,19242,3145,,,3197,,1,0,98008,130565
  262.860 [ENVIO] 8,131,1,1,19213,3104,,,3156,,1,0,98010,130561
  264.870 [ENVIO] 8,132,1,1,19222,4197,,,4250,,1,0,98008,131565
  266.838 [ENVIO] 8,133,1,1,19213,3082,,,3135,,1,0,98009,130561
  268.815 [ENVIO] 8,134,1,1,19243,3105,,,3157,,1,0,98009,130565
  270.799 [ENVIO] 8,135,1,1,19213,3118,,,3171,,1,0,98008,130560
  272.790 [ENVIO] 8,136,1,1,19222,3351,,,3404,,1,0,98007,130564
  274.787 [ENVIO] 8,137,1,1,19213,3082,,,3134,,1,0,98009,130560
  276.788 [ENVIO] 8,138,1,1,19243,5271,,,5323,,1,0,98007,132564
  278.789 [ENVIO] 8,139,1,1,19213,3086,,,3139,,1,0,98008,130560
  280.795 [ENVIO] 8,140,1,1,19243,3181,,,3233,,1,0,98007,130564
  282.804 [ENVIO] 8,141,1,1,19242,3088,,,3142,,1,0,98008,130560
  284.815 [ENVIO] 8,142,1,1,19242,3097,,,3150,,1,0,98006,130564
  286.827 [ENVIO] 8,143,1,1,19213,4559,,,4612,,1,0,98008,131560
  288.836 [ENVIO] 8,144,1,1,19243,3097,,,3149,,1,0,98007,130564
  290.848 [ENVIO] 8,145,1,1,19239,4082,,,4135,,1,0,98008,131560
  292.858 [ENVIO] 8,146,1,1,19243,3105,,,3157,,1,0,98007,130564
  294.869 [ENVIO] 8,147,1,1,19239,3072,,,3124,,1,0,98008,130560
  296.880 [ENVIO] 8,148,1,1,19222,3100,,,3154,,1,0,98008,130564
  298.847 [ENVIO] 8,149,1,1,19248,3099,,,3151,,1,0,98008,130560
  300.823 [ENVIO] 8,150,1,1,19244,3159,,,3211,,1,0,98008,130564
  302.807 [ENVIO] 8,151,1,1,19213,3090,,,3142,,1,0,98008,130560
  304.798 [ENVIO] 8,152,1,1,19243,3097,,,3149,,1,0,98008,130564
  306.793 [ENVIO] 8,153,1,1,19213,3982,,,4035,,1,0,98008,130560
  308.793 [ENVIO] 8,154,1,1,19242,3108,,,3161,,1,0,98008,130564
  310.794 [ENVIO] 8,155,1,1,19242,3120,,,3173,,1,0,98008,130560
  312.800 [ENVIO] 8,156,1,1,19222,3091,,,3144,,1,0,98007,130564
  314.806 [ENVIO] 8,157,1,1,19213,3099,,,3151,,1,0,98007,130560
  316.815 [ENVIO] 8,158,1,1,19248,3063,,,3115,,1,0,98003,130564
  318.823 [ENVIO] 8,159,1,1,19213,3082,,,3135,,1,0,98008,130560
  320.834 [ENVIO] 8,160,1,1,19222,3136,,,3190,,1,0,98006,130564
  322.844 [ENVIO] 8,161,1,1,19248,3104,,,3156,,1,0,98008,130560
  324.856 [ENVIO] 8,162,1,1,19222,3740,,,3793,,1,0,98007,130564
  326.868 [ENVIO] 8,163,1,1,19248,3968,,,4021,,1,0,98008,131560
  328.880 [ENVIO] 8,164,1,1,19248,5449,,,5501,,1,0,98004,132564
  330.868 [ENVIO] 8,165,1,1,19242,4057,,,4110,,1,0,98007,131560
  332.839 [ENVIO] 8,166,1,1,19249,3066,,,3118,,1,0,98004,130564
  334.820 [ENVIO] 8,167,1,1,19248,3074,,,3126,,1,0,98009,130560
  336.809 [ENVIO] 8,168,1,1,19222,3083,,,3136,,1,0,98007,130564
  338.803 [ENVIO] 8,169,1,1,19242,3099,,,3152,,1,0,98008,130560
  340.800 [ENVIO] 8,170,1,1,19227,3185,,,3238,,1,0,98003,130564
  342.801 [ENVIO] 8,171,1,1,19213,3100,,,3152,,1,0,98008,130560
  344.805 [ENVIO] 8,172,1,1,19248,3105,,,3157,,1,0,98003,130564
  346.810 [ENVIO] 8,173,1,1,19213,3100,,,3152,,1,0,98007,130560
  348.817 [ENVIO] 8,174,1,1,19243,3097,,,3149,,1,0,98007,130564
  350.825 [ENVIO] 8,175,1,1,19239,3123,,,3175,,1,0,98007,130560
  352.834 [ENVIO] 8,176,1,1,19243,3101,,,3153,,1,0,98007,130564
  354.844 [ENVIO] 8,177,1,1,19248,3099,,,3151,,1,0,98008,130560
  356.854 [ENVIO] 8,178,1,1,19243,3440,,,3493,,1,0,98007,130564
  358.865 [ENVIO] 8,179,1,1,19242,3092,,,3146,,1,0,98008,130560
  360.875 [ENVIO] 8,180,1,1,19243,3185,,,3237,,1,0,98007,130564
  362.863 [ENVIO] 8,181,1,1,19213,3090,,,3142,,1,0,98008,130560
  364.833 [ENVIO] 8,182,1,1,19222,3100,,,3153,,1,0,98006,130564
  366.812 [ENVIO] 8,183,1,1,19213,3100,,,3152,,1,0,98008,130560
  368.800 [ENVIO] 8,184,1,1,19248,3067,,,3119,,1,0,98004,130564
  370.793 [ENVIO] 8,185,1,1,19213,3304,,,3357,,1,0,98008,130560
  372.790 [ENVIO] 8,186,1,1,19227,3096,,,3150,,1,0,98004,130564
  374.790 [ENVIO] 8,187,1,1,19248,3099,,,3151,,1,0,98008,130560
  376.793 [ENVIO] 8,188,1,1,19227,3091,,,3144,,1,0,98004,130564
  378.799 [ENVIO] 8,189,1,1,19248,3094,,,3146,,1,0,98008,130560
  380.805 [ENVIO] 8,190,1,1,19243,3145,,,3197,,1,0,98008,130564
  382.814 [ENVIO] 8,191,1,1,19213,3058,,,3111,,1,0,98008,130560
  384.823 [ENVIO] 8,192,1,1,19227,3559,,,3612,,1,0,98004,130564
  386.832 [ENVIO] 8,193,1,1,19213,3104,,,3157,,1,0,98009,130560
  388.843 [ENVIO] 8,194,1,1,19244,3096,,,3148,,1,0,98008,130564
  390.853 [ENVIO] 8,195,1,1,19213,3117,,,3171,,1,0,98008,130560
  392.864 [ENVIO] 8,196,1,1,19243,3105,,,3157,,1,0,98007,130564
  394.858 [ENVIO] 8,197,1,1,19248,6949,,,7001,,1,0,98007,134560
  396.828 [ENVIO] 8,198,1,1,19248,3107,,,3161,,1,0,98004,130564
  398.811 [ENVIO] 8,199,1,1,19239,3095,,,3149,,1,0,98008,130560
  400.800 [ENVIO] 8,200,1,1,19222,3442,,,3495,,1,0,98008,130564
  402.795 [ENVIO] 8,201,1,1,19213,3138,,,3191,,1,0,98008,130560
  404.793 [ENVIO] 8,202,1,1,19222,3079,,,3131,,1,0,98007,130564
  406.795 [ENVIO] 8,203,1,1,19213,3086,,,3138,,1,0,98008,130560
  408.799 [ENVIO] 8,204,1,1,19243,3533,,,3585,,1,0,98007,130564
  410.805 [ENVIO] 8,205,1,1,19213,3157,,,3210,,1,0,98007,130560
  412.813 [ENVIO] 8,206,1,1,19222,3091,,,3144,,1,0,98007,130564
  414.821 [ENVIO] 8,207,1,1,19248,3099,,,3151,,1,0,98008,130560
  416.831 [ENVIO] 8,208,1,1,19243,4916,,,4969,,1,0,98007,131560
  418.841 [ENVIO] 8,209,1,1,19224,3059,,,3112,,1,0,98008,130560
  420.851 [ENVIO] 8,210,1,1,19242,3181,,,3233,,1,0,98007,130564
  422.862 [ENVIO] 8,211,1,1,19213,3082,,,3134,,1,0,98008,130560
  424.873 [ENVIO] 8,212,1,1,19242,3109,,,3162,,1,0,98007,130564
  426.863 [ENVIO] 8,213,1,1,19239,4156,,,4209,,1,0,98009,131560
  428.836 [ENVIO] 8,214,1,1,19222,4297,,,4350,,1,0,98008,131564
  430.816 [ENVIO] 8,215,1,1,19239,3131,,,3185,,1,0,98008,130560
  432.804 [ENVIO] 8,216,1,1,19244,3100,,,3152,,1,0,98007,130564
  434.798 [ENVIO] 8,217,1,1,19213,3100,,,3152,,1,0,98008,130560
  436.795 [ENVIO] 8,218,1,1,19222,3091,,,3144,,1,0,98008,130564
  438.796 [ENVIO] 8,219,1,1,19248,3099,,,3151,,1,0,98008,130560
  440.800 [ENVIO] 8,220,1,1,19222,3165,,,3218,,1,0,98007,130564
  442.806 [ENVIO] 8,221,1,1,19213,3238,,,3292,,1,0,98007,130560
  444.813 [ENVIO] 8,222,1,1,19222,3091,,,3144,,1,0,98008,130564
  446.821 [ENVIO] 8,223,1,1,19213,3078,,,3131,,1,0,98008,130560
  448.831 [ENVIO] 8,224,1,1,19222,4221,,,4273,,1,0,98007,131564
  450.840 [ENVIO] 8,225,1,1,19213,3117,,,3170,,1,0,98008,130560
  452.851 [ENVIO] 8,226,1,1,19243,3092,,,3144,,1,0,98008,130564
  454.862 [ENVIO] 8,227,1,1,19213,3100,,,3153,,1,0,98007,130560
  456.873 [ENVIO] 8,228,1,1,19243,3067,,,3119,,1,0,98007,130564
  458.890 [ENVIO] 8,229,1,1,19248,9402,,,9454,,1,0,98008,136560
  460.850 [ENVIO] 8,230,1,1,19222,3177,,,3230,,1,0,98007,130564
  462.826 [ENVIO] 8,231,1,1,19213,3153,,,3206,,1,0,98008,130560
  464.810 [ENVIO] 8,232,1,1,19243,3100,,,3153,,1,0,98007,130564
  466.801 [ENVIO] 8,233,1,1,19239,3108,,,3161,,1,0,98008,130560
  468.797 [ENVIO] 8,234,1,1,19243,3984,,,4038,,1,0,98007,131564
  470.795 [ENVIO] 8,235,1,1,19213,3108,,,3160,,1,0,98008,130560
  472.797 [ENVIO] 8,236,1,1,19242,3101,,,3153,,1,0,98007,130564
  474.802 [ENVIO] 8,237,1,1,19213,3138,,,3191,,1,0,98008,130560
  476.810 [ENVIO] 8,238,1,1,19222,5079,,,5132,,1,0,98007,132564
  478.816 [ENVIO] 8,239,1,1,19275,3091,,,3145,,1,0,98008,130560
  480.827 [ENVIO] 8,240,1,1,19247,6242,,,6295,,1,0,98004,133564
  482.835 [ENVIO] 8,241,1,1,19213,4161,,,4214,,1,0,98008,131560
  484.844 [ENVIO] 8,242,1,1,19244,3086,,,3138,,1,0,98008,130564
  486.854 [ENVIO] 8,243,1,1,19239,3091,,,3145,,1,0,98008,130560
  488.865 [ENVIO] 8,244,1,1,19243,3067,,,3119,,1,0,98007,130564
  490.876 [ENVIO] 8,245,1,1,19239,3273,,,3326,,1,0,98008,130560
  492.843 [ENVIO] 8,246,1,1,19243,3086,,,3139,,1,0,98007,130564
  494.821 [ENVIO] 8,247,1,1,19239,3100,,,3153,,1,0,98007,130560
  496.806 [ENVIO] 8,248,1,1,19243,3168,,,3221,,1,0,98007,130564
  498.798 [ENVIO] 8,249,1,1,19213,4606,,,4658,,1,0,98008,131560
  500.793 [ENVIO] 8,250,1,1,19222,3165,,,3218,,1,0,98007,130564
  502.793 [ENVIO] 8,251,1,1,19214,3082,,,3134,,1,0,98008,130560
  504.796 [ENVIO] 8,252,1,1,19227,3096,,,3150,,1,0,98004,130564
  506.800 [ENVIO] 8,253,1,1,19213,3082,,,3134,,1,0,98008,130560
  508.807 [ENVIO] 8,254,1,1,19222,3100,,,3154,,1,0,98007,130564
  510.814 [ENVIO] 8,255,1,1,19213,3078,,,3130,,1,0,98008,130560
  512.823 [ENVIO] 8,256,1,1,19243,3067,,,3119,,1,0,98008,130564
  514.833 [ENVIO] 8,257,1,1,19239,3095,,,3149,,1,0,98008,130560
  516.843 [ENVIO] 8,258,1,1,19243,3181,,,3233,,1,0,98007,130564
  518.853 [ENVIO] 8,259,1,1,19213,3086,,,3139,,1,0,98009,130560
  520.864 [ENVIO] 8,260,1,1,19243,3091,,,3143,,1,0,98008,130564
  522.875 [ENVIO] 8,261,1,1,19239,3070,,,3123,,1,0,98008,130560
  524.843 [ENVIO] 8,262,1,1,19243,3097,,,3149,,1,0,98008,130564
  526.821 [ENVIO] 8,263,1,1,19242,3128,,,3182,,1,0,98009,130560
  528.807 [ENVIO] 8,264,1,1,19222,4713,,,4765,,1,0,98007,131564
  530.797 [ENVIO] 8,265,1,1,19213,3104,,,3156,,1,0,98008,130560
  532.793 [ENVIO] 8,266,1,1,19243,3087,,,3139,,1,0,98008,130564
  534.793 [ENVIO] 8,267,1,1,19248,3074,,,3126,,1,0,98008,130560
  536.795 [ENVIO] 8,268,1,1,19243,3145,,,3197,,1,0,98008,130564
  538.800 [ENVIO] 8,269,1,1,19216,3088,,,3140,,1,0,98009,130560
  540.807 [ENVIO] 8,270,1,1,19243,3104,,,3156,,1,0,98008,130564
  542.814 [ENVIO] 8,271,1,1,19213,3086,,,3138,,1,0,98008,130560
  544.823 [ENVIO] 8,272,1,1,19243,3087,,,3139,,1,0,98007,130564
  546.833 [ENVIO] 8,273,1,1,19239,3119,,,3173,,1,0,98008,130560
  548.843 [ENVIO] 8,274,1,1,19222,3331,,,3384,,1,0,98006,130564
  550.854 [ENVIO] 8,275,1,1,19213,3096,,,3148,,1,0,98008,130560
  552.865 [ENVIO] 8,276,1,1,19222,3083,,,3136,,1,0,98008,130564
  554.876 [ENVIO] 8,277,1,1,19216,3084,,,3136,,1,0,98008,130560
  556.846 [ENVIO] 8,278,1,1,19222,5644,,,5696,,1,0,98007,132573
  558.821 [ENVIO] 8,279,1,1,19219,3085,,,3137,,1,0,98009,130564
  560.807 [ENVIO] 8,280,1,1,19243,4096,,,4148,,1,0,98008,131564
  562.797 [ENVIO] 8,281,1,1,19251,3091,,,3143,,1,0,98008,130560
  564.793 [ENVIO] 8,282,1,1,19244,3106,,,3159,,1,0,98008,130564
  566.793 [ENVIO] 8,283,1,1,19242,3092,,,3146,,1,0,98008,130560
  568.795 [ENVIO] 8,284,1,1,19222,3079,,,3132,,1,0,98008,130564
  570.801 [ENVIO] 8,285,1,1,19213,3096,,,3149,,1,0,98009,130560
  572.807 [ENVIO] 8,286,1,1,19227,3083,,,3136,,1,0,98003,130564
  574.815 [ENVIO] 8,287,1,1,19239,3173,,,3225,,1,0,98008,130560
  576.823 [ENVIO] 8,288,1,1,19227,3079,,,3132,,1,0,98004,130564
  578.834 [ENVIO] 8,289,1,1,19213,4014,,,4071,,1,0,98007,131560
  580.849 [ENVIO] 8,290,1,1,19222,9001,,,9057,,1,0,98007,136564
  582.854 [ENVIO] 8,291,1,1,19239,3107,,,3160,,1,0,98007,130560
  584.864 [ENVIO] 8,292,1,1,19222,3112,,,3164,,1,0,98007,130564
  586.876 [ENVIO] 8,293,1,1,19239,3144,,,3197,,1,0,98008,130560
  588.864 [ENVIO] 8,294,1,1,19242,3063,,,3116,,1,0,98007,130564
  590.838 [ENVIO] 8,295,1,1,19242,5883,,,5936,,1,0,98008,132556
  592.816 [ENVIO] 8,296,1,1,19247,3087,,,3140,,1,0,98007,130564
  594.805 [ENVIO] 8,297,1,1,19239,4548,,,4601,,1,0,98007,131560
  596.798 [ENVIO] 8,298,1,1,19243,3654,,,3710,,1,0,98007,130564
  598.796 [ENVIO] 8,299,1,1,19213,3090,,,3142,,1,0,98008,130560
  600.797 [ENVIO] 8,300,1,1,19222,3209,,,3262,,1,0,98007,130564
  602.801 [ENVIO] 8,301,1,1,19213,3086,,,3138,,1,0,98007,130560
  604.806 [ENVIO] 8,302,1,1,19227,3121,,,3173,,1,0,98003,130564
  606.813 [ENVIO] 8,303,1,1,19213,3082,,,3134,,1,0,98007,130560
  608.821 [ENVIO] 8,304,1,1,19248,3104,,,3157,,1,0,98004,130564
  610.830 [ENVIO] 8,305,1,1,19213,3960,,,4012,,1,0,98008,130560
  612.841 [ENVIO] 8,306,1,1,19222,3128,,,3182,,1,0,98007,130564
  614.851 [ENVIO] 8,307,1,1,19248,4479,,,4532,,1,0,98008,131560
  616.862 [ENVIO] 8,308,1,1,19248,3107,,,3161,,1,0,98003,130564
  618.872 [ENVIO] 8,309,1,1,19213,3635,,,3687,,1,0,98007,130560
