    0.015 ets Jul 29 2019 12:21:46
    0.015 
    0.017 rst:0x1 (POWERON_RESET),boot:0x13 (SPI_FAST_FLASH_BOOT)
    0.017 configsip: 0, SPIWP:0xee
    0.026 clk_drv:0x00,q_drv:0x00,d_drv:0x00,cs0_drv:0x00,hd_drv:0x00,wp_drv:0x00
    0.027 mode:DIO, clock div:2
    0.028 load:0x3fff0030,len:4640
    0.030 load:0x40078000,len:15632
    0.030 load:0x40080400,len:3164
    0.031 entry 0x4008059c
    0.598 
    0.598 [BOOT] coordenador - etapa 4
    0.598 [MAC] STA 88:57:21:70:91:fc
    0.598 [MAC] AP  88:57:21:70:91:fd
    0.599 [BOOT] protocolo v1 (22 bytes)
    0.697 [WIFI] varrendo canais...
    4.721 [WIFI] varredura: 23 redes em 4004 ms
    4.721 [SCAN] canal,rssi_dbm,ssid
    4.721 [SCAN] 9,-44,(omitido)
    4.722 [SCAN] 3,-65,(omitido)
    4.732 [SCAN] 1,-71,(omitido)
    4.732 [SCAN] 10,-73,(omitido)
    4.732 [SCAN] 11,-73,(omitido)
    4.732 [SCAN] 5,-77,(omitido)
    4.733 [SCAN] 8,-82,(omitido)
    4.743 [SCAN] 5,-86,(omitido)
    4.743 [SCAN] 5,-86,(omitido)
    4.743 [SCAN] 8,-89,(omitido)
    4.743 [SCAN] 11,-89,(omitido)
    4.744 [SCAN] 11,-89,(omitido)
    4.754 [SCAN] 7,-91,(omitido)
    4.754 [SCAN] 8,-91,(omitido)
    4.754 [SCAN] 3,-92,(omitido)
    4.754 [SCAN] 4,-92,(omitido)
    4.755 [SCAN] 7,-92,(omitido)
    4.755 [SCAN] 8,-92,(omitido)
    4.765 [SCAN] 11,-92,(omitido)
    4.765 [SCAN] 4,-93,(omitido)
    4.766 [SCAN] 9,-93,(omitido)
    4.766 [SCAN] 11,-93,(omitido)
    4.766 [SCAN] 3,-94,(omitido)
    4.776 [WIFI] canal  1: 1 no canal, 8 sobrepostas, mais forte -65 dBm
    4.777 [WIFI] canal  6: 0 no canal, 17 sobrepostas, mais forte -44 dBm
    4.779 [WIFI] canal 11: 5 no canal, 9 sobrepostas, mais forte -44 dBm
    4.991 [WIFI] SoftAP "horta-coord" canal 1, MAC AP 88:57:21:70:91:FD, IP 192.168.4.1
    5.002 [ESPNOW] pronto: versao 2, fila de 16 itens (272 bytes cada)
    5.013 [CSV] t_ms,mac,nome,rssi,ruido,len,validacao,classe,perdidos,boot,seq,temp_c100,ur_c100,solo_mv,alim_mv,estados,motivo_boot,acordado_ant_ms,tent_ant,flags
    5.017 [RESUMO] t_ms,mac,nome,recebidos,rejeitados,aceitos,perdidos,descartados,reinicios,sem_ack,entrega_pct,rssi_medio,rssi_min,rssi_max
    6.771 [CSV] 6375,88:57:21:70:93:70,no1,-43,-96,22,nenhuma,primeiro,0,8,3,2062,5723,1025,3378,0,1,0,1,0
    8.826 [CSV] 8375,88:57:21:70:93:70,no1,-44,-96,22,nenhuma,novo,0,8,4,2063,5720,1023,3377,0,1,0,1,0
   10.863 [CSV] 10374,88:57:21:70:93:70,no1,-44,-96,22,nenhuma,novo,0,8,5,2062,5720,1025,3375,0,1,0,1,0
   12.865 [CSV] 12374,88:57:21:70:93:70,no1,-44,-96,22,nenhuma,novo,0,8,6,2064,5719,1026,3378,0,1,0,1,0
   14.868 [CSV] 14376,88:57:21:70:93:70,no1,-42,-96,22,nenhuma,novo,0,8,7,2064,5727,1023,3375,0,1,0,1,0
   16.870 [CSV] 16374,88:57:21:70:93:70,no1,-43,-96,22,nenhuma,novo,0,8,8,2063,5728,1020,3381,0,1,0,1,0
   18.873 [CSV] 18374,88:57:21:70:93:70,no1,-45,-96,22,nenhuma,novo,0,8,9,2066,5736,1027,3372,0,1,0,1,0
   20.877 [CSV] 20375,88:57:21:70:93:70,no1,-44,-96,22,nenhuma,novo,0,8,10,2068,5736,1026,3378,0,1,0,1,0
   22.880 [CSV] 22375,88:57:21:70:93:70,no1,-44,-96,22,nenhuma,novo,0,8,11,2066,5733,1023,3376,0,1,0,1,0
   24.856 [CSV] 24375,88:57:21:70:93:70,no1,-40,-96,22,nenhuma,novo,0,8,12,2064,5733,1023,3376,0,1,0,1,0
   26.849 [CSV] 26375,88:57:21:70:93:70,no1,-45,-96,22,nenhuma,novo,0,8,13,2069,5782,1020,3376,0,1,0,1,0
   28.851 [CSV] 28375,88:57:21:70:93:70,no1,-43,-96,22,nenhuma,novo,0,8,14,2070,5820,1021,3374,0,1,0,1,0
   30.853 [CSV] 30375,88:57:21:70:93:70,no1,-45,-96,22,nenhuma,novo,0,8,15,2069,5845,1021,3375,0,1,0,1,0
   32.851 [CSV] 32375,88:57:21:70:93:70,no1,-44,-96,22,nenhuma,novo,0,8,16,2072,5874,1024,3380,0,1,0,1,0
   34.849 [CSV] 34375,88:57:21:70:93:70,no1,-45,-96,22,nenhuma,novo,0,8,17,2075,5915,1024,3378,0,1,0,1,0
   36.848 [CSV] 36375,88:57:21:70:93:70,no1,-45,-96,22,nenhuma,novo,0,8,18,2073,5915,1020,3376,0,1,0,1,0
   38.849 [CSV] 38375,88:57:21:70:93:70,no1,-47,-96,22,nenhuma,novo,0,8,19,2073,5906,1025,3377,0,1,0,1,0
   40.798 [CSV] 40375,88:57:21:70:93:70,no1,-46,-96,22,nenhuma,novo,0,8,20,2072,5884,1026,3380,0,1,0,1,0
   42.768 [CSV] 42375,88:57:21:70:93:70,no1,-46,-96,22,nenhuma,novo,0,8,21,2071,5865,1025,3378,0,1,0,1,0
   44.745 [CSV] 44375,88:57:21:70:93:70,no1,-46,-96,22,nenhuma,novo,0,8,22,2071,5851,1022,3377,0,1,0,1,0
   46.728 [CSV] 46375,88:57:21:70:93:70,no1,-47,-96,22,nenhuma,novo,0,8,23,2070,5826,1026,3379,0,1,0,1,0
   48.716 [CSV] 48375,88:57:21:70:93:70,no1,-46,-96,22,nenhuma,novo,0,8,24,2069,5811,1026,3380,0,1,0,1,0
   50.707 [CSV] 50375,88:57:21:70:93:70,no1,-46,-96,22,nenhuma,novo,0,8,25,2070,5790,1030,3378,0,1,0,1,0
   52.700 [CSV] 52375,88:57:21:70:93:70,no1,-46,-96,22,nenhuma,novo,0,8,26,2069,5776,1024,3377,0,1,0,1,0
   54.695 [CSV] 54375,88:57:21:70:93:70,no1,-47,-96,22,nenhuma,novo,0,8,27,2069,5758,1025,3377,0,1,0,1,0
   56.726 [CSV] 56375,88:57:21:70:93:70,no1,-47,-96,22,nenhuma,novo,0,8,28,2068,5746,1021,3376,0,1,0,1,0
   58.762 [CSV] 58378,88:57:21:70:93:70,no1,-44,-96,22,nenhuma,novo,0,8,29,2069,5735,1027,3374,0,1,0,1,0
   60.472 [RESUMO] 60079,88:57:21:70:93:70,no1,27,0,27,0,0,0,0,100.00,-44.7,-47,-40
   60.769 [CSV] 60375,88:57:21:70:93:70,no1,-45,-96,22,nenhuma,novo,0,8,30,2069,5727,1024,3379,0,1,0,1,0
   62.766 [CSV] 62374,88:57:21:70:93:70,no1,-45,-96,22,nenhuma,novo,0,8,31,2069,5721,1025,3375,0,1,0,1,0
   64.774 [CSV] 64375,88:57:21:70:93:70,no1,-46,-96,22,nenhuma,novo,0,8,32,2069,5713,1027,3379,0,1,0,1,0
   66.782 [CSV] 66375,88:57:21:70:93:70,no1,-45,-96,22,nenhuma,novo,0,8,33,2068,5705,1026,3376,0,1,0,1,0
   68.789 [CSV] 68375,88:57:21:70:93:70,no1,-46,-96,22,nenhuma,novo,0,8,34,2069,5691,1026,3376,0,1,0,1,0
   70.798 [CSV] 70375,88:57:21:70:93:70,no1,-46,-96,22,nenhuma,novo,0,8,35,2068,5684,1029,3378,0,1,0,1,0
   72.824 [CSV] 72375,88:57:21:70:93:70,no1,-46,-96,22,nenhuma,novo,0,8,36,2069,5675,1022,3375,0,1,0,1,0
   74.827 [CSV] 74375,88:57:21:70:93:70,no1,-45,-96,22,nenhuma,novo,0,8,37,2069,5666,1025,3376,0,1,0,1,0
   76.809 [CSV] 76375,88:57:21:70:93:70,no1,-46,-96,22,nenhuma,novo,0,8,38,2069,5664,1026,3374,0,1,0,1,0
   78.794 [CSV] 78375,88:57:21:70:93:70,no1,-47,-96,22,nenhuma,novo,0,8,39,2069,5711,1026,3376,0,1,0,1,0
   80.800 [CSV] 80375,88:57:21:70:93:70,no1,-46,-96,22,nenhuma,novo,0,8,40,2070,5723,1022,3377,0,1,0,1,0
   82.824 [CSV] 82374,88:57:21:70:93:70,no1,-46,-96,22,nenhuma,novo,0,8,41,2071,5745,1024,3376,0,1,0,1,0
   84.809 [CSV] 84375,88:57:21:70:93:70,no1,-73,-96,22,nenhuma,novo,0,8,42,2073,5770,1023,3378,0,1,0,1,0
   86.805 [CSV] 86375,88:57:21:70:93:70,no1,-44,-96,22,nenhuma,novo,0,8,43,2073,5783,1024,3376,0,1,0,1,0
   88.808 [CSV] 88375,88:57:21:70:93:70,no1,-45,-96,22,nenhuma,novo,0,8,44,2071,5780,1028,3380,0,1,0,1,0
   90.812 [CSV] 90375,88:57:21:70:93:70,no1,-44,-96,22,nenhuma,novo,0,8,45,2072,5785,1026,3377,0,1,0,1,0
   92.820 [CSV] 92378,88:57:21:70:93:70,no1,-43,-96,22,nenhuma,novo,0,8,46,2073,5804,1022,3375,0,1,0,1,0
   94.816 [CSV] 94374,88:57:21:70:93:70,no1,-44,-96,22,nenhuma,novo,0,8,47,2072,5794,1024,3378,0,1,0,1,0
   96.835 [CSV] 96375,88:57:21:70:93:70,no1,-43,-96,22,nenhuma,novo,0,8,48,2075,5784,1025,3377,0,1,0,1,0
   98.844 [CSV] 98375,88:57:21:70:93:70,no1,-43,-96,22,nenhuma,novo,0,8,49,2072,5773,1024,3376,0,1,0,1,0
  100.843 [CSV] 100375,88:57:21:70:93:70,no1,-43,-96,22,nenhuma,novo,0,8,50,2073,5790,1027,3377,0,1,0,1,0
  102.843 [CSV] 102375,88:57:21:70:93:70,no1,-44,-96,22,nenhuma,novo,0,8,51,2074,5797,1022,3376,0,1,0,1,0
  104.828 [CSV] 104374,88:57:21:70:93:70,no1,-46,-96,22,nenhuma,novo,0,8,52,2072,5782,1023,3379,0,1,0,1,0
  106.798 [CSV] 106375,88:57:21:70:93:70,no1,-46,-96,22,nenhuma,novo,0,8,53,2073,5774,1022,3375,0,1,0,1,0
  108.775 [CSV] 108374,88:57:21:70:93:70,no1,-45,-96,22,nenhuma,novo,0,8,54,2070,5761,1028,3377,0,1,0,1,0
  110.762 [CSV] 110378,88:57:21:70:93:70,no1,-46,-96,22,nenhuma,novo,0,8,55,2073,5751,1027,3376,0,1,0,1,0
  112.756 [CSV] 112374,88:57:21:70:93:70,no1,-44,-96,22,nenhuma,novo,0,8,56,2071,5743,1024,3379,0,1,0,1,0
  114.758 [CSV] 114375,88:57:21:70:93:70,no1,-46,-96,22,nenhuma,novo,0,8,57,2070,5741,1027,3379,0,1,0,1,0
  116.751 [CSV] 116375,88:57:21:70:93:70,no1,-45,-96,22,nenhuma,novo,0,8,58,2074,5751,1023,3375,0,1,0,1,0
  118.745 [CSV] 118375,88:57:21:70:93:70,no1,-45,-96,22,nenhuma,novo,0,8,59,2073,5769,1027,3379,0,1,0,1,0
  120.452 [RESUMO] 120076,88:57:21:70:93:70,no1,57,0,57,0,0,0,0,100.00,-45.4,-73,-40
  120.754 [CSV] 120374,88:57:21:70:93:70,no1,-44,-96,22,nenhuma,novo,0,8,60,2075,5780,1026,3379,0,1,0,1,0
  122.772 [CSV] 122380,88:57:21:70:93:70,no1,-43,-96,22,nenhuma,novo,0,8,61,2073,5791,1024,3372,0,1,0,1,0
  124.771 [CSV] 124377,88:57:21:70:93:70,no1,-45,-96,22,nenhuma,novo,0,8,62,2074,5786,1028,3378,0,1,0,1,0
  126.766 [CSV] 126374,88:57:21:70:93:70,no1,-44,-96,22,nenhuma,novo,0,8,63,2073,5786,1027,3377,0,1,0,1,0
  128.778 [CSV] 128375,88:57:21:70:93:70,no1,-47,-96,22,nenhuma,novo,0,8,64,2074,5778,1023,3378,0,1,0,1,0
  130.792 [CSV] 130375,88:57:21:70:93:70,no1,-46,-96,22,nenhuma,novo,0,8,65,2075,5769,1031,3379,0,1,0,1,0
  132.799 [CSV] 132375,88:57:21:70:93:70,no1,-45,-96,22,nenhuma,novo,0,8,66,2076,5767,1026,3379,0,1,0,1,0
  134.800 [CSV] 134377,88:57:21:70:93:70,no1,-44,-96,22,nenhuma,novo,0,8,67,2075,5760,1025,3376,0,1,0,1,0
  136.796 [CSV] 136374,88:57:21:70:93:70,no1,-44,-96,22,nenhuma,novo,0,8,68,2074,5753,1027,3379,0,1,0,1,0
  138.784 [CSV] 138375,88:57:21:70:93:70,no1,-44,-96,22,nenhuma,novo,0,8,69,2075,5744,1028,3378,0,1,0,1,0
  140.773 [CSV] 140375,88:57:21:70:93:70,no1,-44,-96,22,nenhuma,novo,0,8,70,2075,5739,1026,3377,0,1,0,1,0
  142.759 [CSV] 142375,88:57:21:70:93:70,no1,-48,-96,22,nenhuma,novo,0,8,71,2075,5730,1029,3378,0,1,0,1,0
  144.763 [CSV] 144375,88:57:21:70:93:70,no1,-47,-96,22,nenhuma,novo,0,8,72,2074,5725,1023,3378,0,1,0,1,0
  146.772 [CSV] 146375,88:57:21:70:93:70,no1,-46,-96,22,nenhuma,novo,0,8,73,2074,5713,1028,3380,0,1,0,1,0
  148.772 [CSV] 148375,88:57:21:70:93:70,no1,-45,-96,22,nenhuma,novo,0,8,74,2075,5714,1021,3376,0,1,0,1,0
  150.767 [CSV] 150375,88:57:21:70:93:70,no1,-45,-96,22,nenhuma,novo,0,8,75,2074,5708,1029,3376,0,1,0,1,0
  152.784 [CSV] 152375,88:57:21:70:93:70,no1,-41,-96,22,nenhuma,novo,0,8,76,2076,5707,1022,3377,0,1,0,1,0
  154.805 [CSV] 154374,88:57:21:70:93:70,no1,-46,-96,22,nenhuma,novo,0,8,77,2074,5704,1027,3377,0,1,0,1,0
  156.811 [CSV] 156375,88:57:21:70:93:70,no1,-46,-96,22,nenhuma,novo,0,8,78,2075,5711,1026,3375,0,1,0,1,0
  158.813 [CSV] 158375,88:57:21:70:93:70,no1,-47,-96,22,nenhuma,novo,0,8,79,2074,5716,1026,3379,0,1,0,1,0
  160.824 [CSV] 160375,88:57:21:70:93:70,no1,-46,-96,22,nenhuma,novo,0,8,80,2075,5718,1022,3377,0,1,0,1,0
  162.836 [CSV] 162375,88:57:21:70:93:70,no1,-45,-96,22,nenhuma,novo,0,8,81,2076,5715,1028,3378,0,1,0,1,0
  164.850 [CSV] 164376,88:57:21:70:93:70,no1,-46,-96,22,nenhuma,novo,0,8,82,2073,5722,1027,3378,0,1,0,1,0
  166.863 [CSV] 166377,88:57:21:70:93:70,no1,-45,-96,22,nenhuma,novo,0,8,83,2076,5723,1027,3374,0,1,0,1,0
  168.847 [CSV] 168374,88:57:21:70:93:70,no1,-46,-96,22,nenhuma,novo,0,8,84,2074,5732,1026,3377,0,1,0,1,0
  170.816 [CSV] 170376,88:57:21:70:93:70,no1,-46,-96,22,nenhuma,novo,0,8,85,2073,5727,1026,3381,0,1,0,1,0
  172.793 [CSV] 172374,88:57:21:70:93:70,no1,-46,-96,22,nenhuma,novo,0,8,86,2073,5730,1026,3376,0,1,0,1,0
  174.777 [CSV] 174375,88:57:21:70:93:70,no1,-45,-96,22,nenhuma,novo,0,8,87,2073,5734,1025,3377,0,1,0,1,0
  176.770 [CSV] 176377,88:57:21:70:93:70,no1,-46,-96,22,nenhuma,novo,0,8,88,2075,5741,1024,3376,0,1,0,1,0
  178.762 [CSV] 178374,88:57:21:70:93:70,no1,-46,-96,22,nenhuma,novo,0,8,89,2073,5736,1025,3377,0,1,0,1,0
  180.459 [RESUMO] 180075,88:57:21:70:93:70,no1,87,0,87,0,0,0,0,100.00,-45.3,-73,-40
  180.760 [CSV] 180374,88:57:21:70:93:70,no1,-46,-96,22,nenhuma,novo,0,8,90,2074,5735,1028,3378,0,1,0,1,0
  182.760 [CSV] 182375,88:57:21:70:93:70,no1,-46,-96,22,nenhuma,novo,0,8,91,2073,5727,1030,3375,0,1,0,1,0
  184.767 [CSV] 184378,88:57:21:70:93:70,no1,-45,-96,22,nenhuma,novo,0,8,92,2072,5729,1025,3380,0,1,0,1,0
  186.768 [CSV] 186374,88:57:21:70:93:70,no1,-41,-96,22,nenhuma,novo,0,8,93,2072,5727,1024,3375,0,1,0,1,0
  188.774 [CSV] 188375,88:57:21:70:93:70,no1,-46,-96,22,nenhuma,novo,0,8,94,2071,5719,1025,3379,0,1,0,1,0
  190.781 [CSV] 190375,88:57:21:70:93:70,no1,-46,-96,22,nenhuma,novo,0,8,95,2072,5712,1028,3376,0,1,0,1,0
  192.790 [CSV] 192375,88:57:21:70:93:70,no1,-46,-96,22,nenhuma,novo,0,8,96,2073,5711,1022,3375,0,1,0,1,0
  194.800 [CSV] 194375,88:57:21:70:93:70,no1,-45,-96,22,nenhuma,novo,0,8,97,2073,5709,1023,3376,0,1,0,1,0
  196.811 [CSV] 196375,88:57:21:70:93:70,no1,-46,-96,22,nenhuma,novo,0,8,98,2073,5703,1025,3376,0,1,0,1,0
  198.825 [CSV] 198378,88:57:21:70:93:70,no1,-46,-96,22,nenhuma,novo,0,8,99,2072,5704,1022,3378,0,1,0,1,0
  200.831 [CSV] 200374,88:57:21:70:93:70,no1,-46,-96,22,nenhuma,novo,0,8,100,2072,5702,1027,3375,0,1,0,1,0
  202.807 [CSV] 202375,88:57:21:70:93:70,no1,-46,-96,22,nenhuma,novo,0,8,101,2072,5695,1023,3379,0,1,0,1,0
  204.790 [CSV] 204375,88:57:21:70:93:70,no1,-45,-96,22,nenhuma,novo,0,8,102,2073,5682,1027,3381,0,1,0,1,0
  206.779 [CSV] 206376,88:57:21:70:93:70,no1,-45,-96,22,nenhuma,novo,0,8,103,2074,5676,1026,3375,0,1,0,1,0
  208.771 [CSV] 208374,88:57:21:70:93:70,no1,-45,-96,22,nenhuma,novo,0,8,104,2073,5670,1029,3378,0,1,0,1,0
  210.768 [CSV] 210375,88:57:21:70:93:70,no1,-46,-96,22,nenhuma,novo,0,8,105,2074,5665,1027,3378,0,1,0,1,0
  212.768 [CSV] 212375,88:57:21:70:93:70,no1,-45,-96,22,nenhuma,novo,0,8,106,2073,5657,1026,3375,0,1,0,1,0
  214.770 [CSV] 214375,88:57:21:70:93:70,no1,-45,-96,22,nenhuma,novo,0,8,107,2073,5664,1029,3379,0,1,0,1,0
  216.773 [CSV] 216375,88:57:21:70:93:70,no1,-45,-96,22,nenhuma,novo,0,8,108,2073,5672,1028,3374,0,1,0,1,0
  218.783 [CSV] 218379,88:57:21:70:93:70,no1,-45,-96,22,nenhuma,novo,0,8,109,2073,5673,1027,3378,0,1,0,1,0
  220.785 [CSV] 220374,88:57:21:70:93:70,no1,-72,-96,22,nenhuma,novo,0,8,110,2073,5680,1027,3375,0,1,0,1,0
  222.792 [CSV] 222375,88:57:21:70:93:70,no1,-43,-96,22,nenhuma,novo,0,8,111,2073,5680,1024,3381,0,1,0,1,0
  224.839 [CSV] 224375,88:57:21:70:93:70,no1,-43,-96,22,nenhuma,novo,0,8,112,2074,5681,1029,3374,0,1,0,1,0
  226.880 [CSV] 226375,88:57:21:70:93:70,no1,-44,-96,22,nenhuma,novo,0,8,113,2073,5676,1028,3378,0,1,0,1,0
  228.889 [CSV] 228376,88:57:21:70:93:70,no1,-45,-96,22,nenhuma,novo,0,8,114,2074,5680,1025,3377,0,1,0,1,0
  230.896 [CSV] 230374,88:57:21:70:93:70,no1,-44,-96,22,nenhuma,novo,0,8,115,2073,5674,1035,3374,0,1,0,1,0
  232.892 [CSV] 232376,88:57:21:70:93:70,no1,-44,-96,22,nenhuma,novo,0,8,116,2074,5669,1027,3376,0,1,0,1,0
  234.835 [CSV] 234375,88:57:21:70:93:70,no1,-44,-96,22,nenhuma,novo,0,8,117,2072,5667,1018,3379,0,1,0,1,0
  236.794 [CSV] 236375,88:57:21:70:93:70,no1,-44,-96,22,nenhuma,novo,0,8,118,2072,5660,1031,3376,0,1,0,1,0
  238.774 [CSV] 238376,88:57:21:70:93:70,no1,-44,-96,22,nenhuma,novo,0,8,119,2075,5657,1030,3379,0,1,0,1,0
  240.462 [RESUMO] 240077,88:57:21:70:93:70,no1,117,0,117,0,0,0,0,100.00,-45.4,-73,-40
  240.760 [CSV] 240375,88:57:21:70:93:70,no1,-45,-96,22,nenhuma,novo,0,8,120,2075,5653,1024,3378,0,1,0,1,0
  242.754 [CSV] 242375,88:57:21:70:93:70,no1,-45,-96,22,nenhuma,novo,0,8,121,2073,5649,1026,3378,0,1,0,1,0
  244.751 [CSV] 244375,88:57:21:70:93:70,no1,-44,-96,22,nenhuma,novo,0,8,122,2074,5644,1026,3375,0,1,0,1,0
  246.751 [CSV] 246375,88:57:21:70:93:70,no1,-44,-96,22,nenhuma,novo,0,8,123,2074,5639,1031,3377,0,1,0,1,0
  248.769 [CSV] 248375,88:57:21:70:93:70,no1,-45,-96,22,nenhuma,novo,0,8,124,2074,5630,1027,3378,0,1,0,1,0
  250.794 [CSV] 250376,88:57:21:70:93:70,no1,-45,-96,22,nenhuma,novo,0,8,125,2074,5622,1030,3379,0,1,0,1,0
  252.806 [CSV] 252375,88:57:21:70:93:70,no1,-45,-96,22,nenhuma,novo,0,8,126,2073,5618,1024,3381,0,1,0,1,0
  254.813 [CSV] 254376,88:57:21:70:93:70,no1,-44,-96,22,nenhuma,novo,0,8,127,2074,5623,1024,3375,0,1,0,1,0
  256.820 [CSV] 256375,88:57:21:70:93:70,no1,-44,-96,22,nenhuma,novo,0,8,128,2075,5620,1023,3374,0,1,0,1,0
  258.831 [CSV] 258375,88:57:21:70:93:70,no1,-45,-96,22,nenhuma,novo,0,8,129,2075,5625,1032,3378,0,1,0,1,0
  260.842 [CSV] 260375,88:57:21:70:93:70,no1,-45,-96,22,nenhuma,novo,0,8,130,2074,5625,1030,3377,0,1,0,1,0
  262.854 [CSV] 262375,88:57:21:70:93:70,no1,-45,-96,22,nenhuma,novo,0,8,131,2074,5622,1022,3377,0,1,0,1,0
  264.863 [CSV] 264376,88:57:21:70:93:70,no1,-44,-96,22,nenhuma,novo,0,8,132,2074,5624,1027,3372,0,1,0,1,0
  266.831 [CSV] 266375,88:57:21:70:93:70,no1,-45,-96,22,nenhuma,novo,0,8,133,2076,5625,1025,3380,0,1,0,1,0
  268.808 [CSV] 268375,88:57:21:70:93:70,no1,-45,-96,22,nenhuma,novo,0,8,134,2074,5618,1030,3375,0,1,0,1,0
  270.793 [CSV] 270375,88:57:21:70:93:70,no1,-45,-96,22,nenhuma,novo,0,8,135,2074,5617,1024,3373,0,1,0,1,0
  272.784 [CSV] 272375,88:57:21:70:93:70,no1,-44,-96,22,nenhuma,novo,0,8,136,2075,5620,1023,3379,0,1,0,1,0
  274.780 [CSV] 274375,88:57:21:70:93:70,no1,-42,-96,22,nenhuma,novo,0,8,137,2074,5624,1032,3379,0,1,0,1,0
  276.781 [CSV] 276377,88:57:21:70:93:70,no1,-45,-96,22,nenhuma,novo,0,8,138,2075,5620,1025,3374,0,1,0,1,0
  278.782 [CSV] 278375,88:57:21:70:93:70,no1,-44,-96,22,nenhuma,novo,0,8,139,2074,5623,1025,3374,0,1,0,1,0
  280.789 [CSV] 280375,88:57:21:70:93:70,no1,-45,-96,22,nenhuma,novo,0,8,140,2076,5621,1028,3377,0,1,0,1,0
  282.798 [CSV] 282375,88:57:21:70:93:70,no1,-44,-96,22,nenhuma,novo,0,8,141,2074,5627,1022,3378,0,1,0,1,0
  284.808 [CSV] 284375,88:57:21:70:93:70,no1,-45,-96,22,nenhuma,novo,0,8,142,2075,5629,1024,3377,0,1,0,1,0
  286.821 [CSV] 286376,88:57:21:70:93:70,no1,-45,-96,22,nenhuma,novo,0,8,143,2075,5634,1030,3377,0,1,0,1,0
  288.829 [CSV] 288375,88:57:21:70:93:70,no1,-44,-96,22,nenhuma,novo,0,8,144,2074,5636,1020,3377,0,1,0,1,0
  290.841 [CSV] 290376,88:57:21:70:93:70,no1,-45,-96,22,nenhuma,novo,0,8,145,2076,5640,1028,3377,0,1,0,1,0
  292.851 [CSV] 292375,88:57:21:70:93:70,no1,-45,-96,22,nenhuma,novo,0,8,146,2078,5643,1030,3373,0,1,0,1,0
  294.862 [CSV] 294375,88:57:21:70:93:70,no1,-45,-96,22,nenhuma,novo,0,8,147,2077,5636,1023,3377,0,1,0,1,0
  296.873 [CSV] 296375,88:57:21:70:93:70,no1,-45,-96,22,nenhuma,novo,0,8,148,2078,5643,1029,3377,0,1,0,1,0
  298.841 [CSV] 298375,88:57:21:70:93:70,no1,-45,-96,22,nenhuma,novo,0,8,149,2077,5643,1026,3372,0,1,0,1,0
  300.518 [RESUMO] 300075,88:57:21:70:93:70,no1,147,0,147,0,0,0,0,100.00,-45.3,-73,-40
  300.817 [CSV] 300375,88:57:21:70:93:70,no1,-45,-96,22,nenhuma,novo,0,8,150,2076,5641,1026,3376,0,1,0,1,0
  302.800 [CSV] 302375,88:57:21:70:93:70,no1,-45,-96,22,nenhuma,novo,0,8,151,2078,5645,1024,3381,0,1,0,1,0
  304.791 [CSV] 304375,88:57:21:70:93:70,no1,-44,-96,22,nenhuma,novo,0,8,152,2075,5641,1021,3379,0,1,0,1,0
  306.787 [CSV] 306376,88:57:21:70:93:70,no1,-44,-96,22,nenhuma,novo,0,8,153,2075,5642,1026,3379,0,1,0,1,0
  308.786 [CSV] 308375,88:57:21:70:93:70,no1,-44,-96,22,nenhuma,novo,0,8,154,2076,5643,1023,3378,0,1,0,1,0
  310.788 [CSV] 310375,88:57:21:70:93:70,no1,-44,-96,22,nenhuma,novo,0,8,155,2076,5640,1022,3381,0,1,0,1,0
  312.793 [CSV] 312375,88:57:21:70:93:70,no1,-42,-96,22,nenhuma,novo,0,8,156,2077,5640,1025,3378,0,1,0,1,0
  314.800 [CSV] 314375,88:57:21:70:93:70,no1,-34,-96,22,nenhuma,novo,0,8,157,2074,5636,1028,3377,0,1,0,1,0
  316.808 [CSV] 316375,88:57:21:70:93:70,no1,-45,-96,22,nenhuma,novo,0,8,158,2077,5642,1023,3375,0,1,0,1,0
  318.817 [CSV] 318375,88:57:21:70:93:70,no1,-44,-96,22,nenhuma,novo,0,8,159,2077,5643,1025,3377,0,1,0,1,0
  320.827 [CSV] 320375,88:57:21:70:93:70,no1,-44,-96,22,nenhuma,novo,0,8,160,2076,5651,1024,3376,0,1,0,1,0
  322.838 [CSV] 322375,88:57:21:70:93:70,no1,-45,-96,22,nenhuma,novo,0,8,161,2075,5653,1029,3377,0,1,0,1,0
  324.850 [CSV] 324375,88:57:21:70:93:70,no1,-45,-96,22,nenhuma,novo,0,8,162,2078,5653,1031,3374,0,1,0,1,0
  326.862 [CSV] 326376,88:57:21:70:93:70,no1,-44,-96,22,nenhuma,novo,0,8,163,2076,5655,1028,3374,0,1,0,1,0
  328.874 [CSV] 328377,88:57:21:70:93:70,no1,-45,-96,22,nenhuma,novo,0,8,164,2077,5653,1029,3383,0,1,0,1,0
  330.861 [CSV] 330376,88:57:21:70:93:70,no1,-45,-96,22,nenhuma,novo,0,8,165,2075,5652,1030,3376,0,1,0,1,0
  332.833 [CSV] 332375,88:57:21:70:93:70,no1,-44,-96,22,nenhuma,novo,0,8,166,2077,5651,1028,3376,0,1,0,1,0
  334.814 [CSV] 334375,88:57:21:70:93:70,no1,-45,-96,22,nenhuma,novo,0,8,167,2078,5653,1025,3378,0,1,0,1,0
  336.802 [CSV] 336375,88:57:21:70:93:70,no1,-44,-96,22,nenhuma,novo,0,8,168,2075,5649,1027,3381,0,1,0,1,0
  338.796 [CSV] 338375,88:57:21:70:93:70,no1,-45,-96,22,nenhuma,novo,0,8,169,2077,5658,1023,3376,0,1,0,1,0
  340.793 [CSV] 340375,88:57:21:70:93:70,no1,-45,-96,22,nenhuma,novo,0,8,170,2075,5664,1016,3376,0,1,0,1,0
  342.795 [CSV] 342375,88:57:21:70:93:70,no1,-44,-96,22,nenhuma,novo,0,8,171,2077,5672,1021,3375,0,1,0,1,0
  344.798 [CSV] 344375,88:57:21:70:93:70,no1,-45,-96,22,nenhuma,novo,0,8,172,2077,5667,1027,3380,0,1,0,1,0
  346.804 [CSV] 346375,88:57:21:70:93:70,no1,-45,-96,22,nenhuma,novo,0,8,173,2076,5667,1024,3378,0,1,0,1,0
  348.811 [CSV] 348375,88:57:21:70:93:70,no1,-45,-96,22,nenhuma,novo,0,8,174,2077,5672,1032,3372,0,1,0,1,0
  350.818 [CSV] 350375,88:57:21:70:93:70,no1,-45,-96,22,nenhuma,novo,0,8,175,2075,5676,1026,3377,0,1,0,1,0
  352.828 [CSV] 352375,88:57:21:70:93:70,no1,-44,-96,22,nenhuma,novo,0,8,176,2076,5680,1033,3374,0,1,0,1,0
  354.837 [CSV] 354375,88:57:21:70:93:70,no1,-45,-96,22,nenhuma,novo,0,8,177,2078,5679,1023,3375,0,1,0,1,0
  356.848 [CSV] 356376,88:57:21:70:93:70,no1,-45,-96,22,nenhuma,novo,0,8,178,2077,5676,1023,3378,0,1,0,1,0
  358.858 [CSV] 358375,88:57:21:70:93:70,no1,-45,-96,22,nenhuma,novo,0,8,179,2078,5671,1025,3378,0,1,0,1,0
  360.566 [RESUMO] 360076,88:57:21:70:93:70,no1,177,0,177,0,0,0,0,100.00,-45.1,-73,-34
  360.869 [CSV] 360375,88:57:21:70:93:70,no1,-45,-96,22,nenhuma,novo,0,8,180,2077,5671,1023,3374,0,1,0,1,0
  362.856 [CSV] 362375,88:57:21:70:93:70,no1,-44,-96,22,nenhuma,novo,0,8,181,2079,5674,1023,3378,0,1,0,1,0
  364.826 [CSV] 364375,88:57:21:70:93:70,no1,-45,-96,22,nenhuma,novo,0,8,182,2079,5670,1030,3375,0,1,0,1,0
  366.806 [CSV] 366375,88:57:21:70:93:70,no1,-45,-96,22,nenhuma,novo,0,8,183,2076,5672,1022,3375,0,1,0,1,0
  368.793 [CSV] 368375,88:57:21:70:93:70,no1,-45,-96,22,nenhuma,novo,0,8,184,2078,5669,1031,3377,0,1,0,1,0
  370.786 [CSV] 370375,88:57:21:70:93:70,no1,-44,-96,22,nenhuma,novo,0,8,185,2078,5667,1023,3377,0,1,0,1,0
  372.783 [CSV] 372375,88:57:21:70:93:70,no1,-44,-96,22,nenhuma,novo,0,8,186,2078,5669,1031,3380,0,1,0,1,0
  374.783 [CSV] 374375,88:57:21:70:93:70,no1,-44,-96,22,nenhuma,novo,0,8,187,2077,5675,1031,3377,0,1,0,1,0
  376.787 [CSV] 376375,88:57:21:70:93:70,no1,-45,-96,22,nenhuma,novo,0,8,188,2077,5681,1029,3377,0,1,0,1,0
  378.792 [CSV] 378375,88:57:21:70:93:70,no1,-37,-96,22,nenhuma,novo,0,8,189,2078,5693,1027,3375,0,1,0,1,0
  380.798 [CSV] 380375,88:57:21:70:93:70,no1,-44,-96,22,nenhuma,novo,0,8,190,2077,5697,1025,3378,0,1,0,1,0
  382.807 [CSV] 382375,88:57:21:70:93:70,no1,-45,-96,22,nenhuma,novo,0,8,191,2078,5708,1022,3378,0,1,0,1,0
  384.817 [CSV] 384376,88:57:21:70:93:70,no1,-44,-96,22,nenhuma,novo,0,8,192,2079,5705,1022,3375,0,1,0,1,0
  386.825 [CSV] 386375,88:57:21:70:93:70,no1,-45,-96,22,nenhuma,novo,0,8,193,2075,5697,1024,3376,0,1,0,1,0
  388.836 [CSV] 388375,88:57:21:70:93:70,no1,-45,-96,22,nenhuma,novo,0,8,194,2076,5696,1032,3375,0,1,0,1,0
  390.847 [CSV] 390375,88:57:21:70:93:70,no1,-45,-96,22,nenhuma,novo,0,8,195,2078,5691,1032,3378,0,1,0,1,0
  392.857 [CSV] 392375,88:57:21:70:93:70,no1,-44,-96,22,nenhuma,novo,0,8,196,2077,5687,1028,3377,0,1,0,1,0
  394.851 [CSV] 394379,88:57:21:70:93:70,no1,-44,-96,22,nenhuma,novo,0,8,197,2077,5686,1029,3377,0,1,0,1,0
  396.821 [CSV] 396375,88:57:21:70:93:70,no1,-45,-96,22,nenhuma,novo,0,8,198,2077,5680,1022,3380,0,1,0,1,0
  398.804 [CSV] 398375,88:57:21:70:93:70,no1,-44,-96,22,nenhuma,novo,0,8,199,2079,5685,1022,3374,0,1,0,1,0
  400.794 [CSV] 400376,88:57:21:70:93:70,no1,-45,-96,22,nenhuma,novo,0,8,200,2077,5680,1022,3376,0,1,0,1,0
  402.788 [CSV] 402375,88:57:21:70:93:70,no1,-45,-96,22,nenhuma,novo,0,8,201,2080,5679,1030,3375,0,1,0,1,0
  404.787 [CSV] 404375,88:57:21:70:93:70,no1,-44,-96,22,nenhuma,novo,0,8,202,2077,5680,1027,3378,0,1,0,1,0
  406.789 [CSV] 406376,88:57:21:70:93:70,no1,-45,-96,22,nenhuma,novo,0,8,203,2077,5683,1023,3376,0,1,0,1,0
  408.793 [CSV] 408376,88:57:21:70:93:70,no1,-44,-96,22,nenhuma,novo,0,8,204,2078,5683,1025,3375,0,1,0,1,0
  410.798 [CSV] 410375,88:57:21:70:93:70,no1,-44,-96,22,nenhuma,novo,0,8,205,2078,5680,1025,3376,0,1,0,1,0
  412.806 [CSV] 412375,88:57:21:70:93:70,no1,-35,-96,22,nenhuma,novo,0,8,206,2079,5688,1032,3379,0,1,0,1,0
  414.815 [CSV] 414376,88:57:21:70:93:70,no1,-45,-96,22,nenhuma,novo,0,8,207,2081,5686,1021,3376,0,1,0,1,0
  416.825 [CSV] 416377,88:57:21:70:93:70,no1,-44,-96,22,nenhuma,novo,0,8,208,2079,5682,1025,3376,0,1,0,1,0
  418.834 [CSV] 418375,88:57:21:70:93:70,no1,-44,-96,22,nenhuma,novo,0,8,209,2079,5684,1027,3377,0,1,0,1,0
  420.542 [RESUMO] 420076,88:57:21:70:93:70,no1,207,0,207,0,0,0,0,100.00,-44.9,-73,-34
  420.844 [CSV] 420375,88:57:21:70:93:70,no1,-44,-96,22,nenhuma,novo,0,8,210,2079,5686,1022,3376,0,1,0,1,0
  422.856 [CSV] 422375,88:57:21:70:93:70,no1,-44,-96,22,nenhuma,novo,0,8,211,2080,5690,1032,3383,0,1,0,1,0
  424.866 [CSV] 424375,88:57:21:70:93:70,no1,-44,-96,22,nenhuma,novo,0,8,212,2078,5677,1028,3378,0,1,0,1,0
  426.857 [CSV] 426376,88:57:21:70:93:70,no1,-44,-96,22,nenhuma,novo,0,8,213,2080,5673,1024,3377,0,1,0,1,0
  428.829 [CSV] 428377,88:57:21:70:93:70,no1,-44,-96,22,nenhuma,novo,0,8,214,2082,5677,1026,3377,0,1,0,1,0
  430.809 [CSV] 430375,88:57:21:70:93:70,no1,-44,-96,22,nenhuma,novo,0,8,215,2080,5680,1027,3381,0,1,0,1,0
  432.797 [CSV] 432375,88:57:21:70:93:70,no1,-44,-96,22,nenhuma,novo,0,8,216,2080,5694,1025,3378,0,1,0,1,0
  434.791 [CSV] 434375,88:57:21:70:93:70,no1,-44,-96,22,nenhuma,novo,0,8,217,2080,5699,1024,3374,0,1,0,1,0
  436.789 [CSV] 436375,88:57:21:70:93:70,no1,-44,-96,22,nenhuma,novo,0,8,218,2081,5693,1030,3377,0,1,0,1,0
  438.790 [CSV] 438375,88:57:21:70:93:70,no1,-44,-96,22,nenhuma,novo,0,8,219,2082,5693,1023,3377,0,1,0,1,0
  440.793 [CSV] 440375,88:57:21:70:93:70,no1,-45,-96,22,nenhuma,novo,0,8,220,2080,5693,1024,3378,0,1,0,1,0
  442.800 [CSV] 442376,88:57:21:70:93:70,no1,-45,-96,22,nenhuma,novo,0,8,221,2080,5692,1024,3381,0,1,0,1,0
  444.806 [CSV] 444375,88:57:21:70:93:70,no1,-44,-96,22,nenhuma,novo,0,8,222,2080,5687,1025,3376,0,1,0,1,0
  446.815 [CSV] 446375,88:57:21:70:93:70,no1,-45,-96,22,nenhuma,novo,0,8,223,2080,5687,1021,3375,0,1,0,1,0
  448.825 [CSV] 448376,88:57:21:70:93:70,no1,-44,-96,22,nenhuma,novo,0,8,224,2080,5681,1025,3377,0,1,0,1,0
  450.834 [CSV] 450375,88:57:21:70:93:70,no1,-44,-96,22,nenhuma,novo,0,8,225,2081,5680,1024,3376,0,1,0,1,0
  452.845 [CSV] 452376,88:57:21:70:93:70,no1,-45,-96,22,nenhuma,novo,0,8,226,2080,5669,1026,3375,0,1,0,1,0
  454.855 [CSV] 454375,88:57:21:70:93:70,no1,-44,-96,22,nenhuma,novo,0,8,227,2082,5667,1019,3376,0,1,0,1,0
  456.867 [CSV] 456376,88:57:21:70:93:70,no1,-44,-96,22,nenhuma,novo,0,8,228,2081,5665,1028,3379,0,1,0,1,0
  458.883 [CSV] 458381,88:57:21:70:93:70,no1,-44,-96,22,nenhuma,novo,0,8,229,2080,5660,1027,3380,0,1,0,1,0
  460.843 [CSV] 460375,88:57:21:70:93:70,no1,-44,-96,22,nenhuma,novo,0,8,230,2079,5660,1031,3377,0,1,0,1,0
  462.820 [CSV] 462376,88:57:21:70:93:70,no1,-44,-96,22,nenhuma,novo,0,8,231,2080,5663,1031,3376,0,1,0,1,0
  464.804 [CSV] 464376,88:57:21:70:93:70,no1,-45,-96,22,nenhuma,novo,0,8,232,2080,5658,1027,3375,0,1,0,1,0
  466.795 [CSV] 466376,88:57:21:70:93:70,no1,-45,-96,22,nenhuma,novo,0,8,233,2079,5664,1026,3377,0,1,0,1,0
  468.790 [CSV] 468376,88:57:21:70:93:70,no1,-44,-96,22,nenhuma,novo,0,8,234,2079,5662,1025,3375,0,1,0,1,0
  470.788 [CSV] 470375,88:57:21:70:93:70,no1,-41,-96,22,nenhuma,novo,0,8,235,2082,5659,1028,3378,0,1,0,1,0
  472.791 [CSV] 472376,88:57:21:70:93:70,no1,-44,-96,22,nenhuma,novo,0,8,236,2080,5660,1027,3378,0,1,0,1,0
  474.796 [CSV] 474376,88:57:21:70:93:70,no1,-44,-96,22,nenhuma,novo,0,8,237,2083,5737,1026,3377,0,1,0,1,0
  476.803 [CSV] 476377,88:57:21:70:93:70,no1,-44,-96,22,nenhuma,novo,0,8,238,2084,5756,1028,3377,0,1,0,1,0
  478.809 [CSV] 478375,88:57:21:70:93:70,no1,-44,-96,22,nenhuma,novo,0,8,239,2083,5769,1023,3375,0,1,0,1,0
  480.515 [RESUMO] 480076,88:57:21:70:93:70,no1,237,0,237,0,0,0,0,100.00,-44.8,-73,-34
  480.821 [CSV] 480378,88:57:21:70:93:70,no1,-44,-96,22,nenhuma,novo,0,8,240,2082,5776,1026,3380,0,1,0,1,0
  482.828 [CSV] 482376,88:57:21:70:93:70,no1,-42,-96,22,nenhuma,novo,0,8,241,2083,5780,1027,3376,0,1,0,1,0
  484.837 [CSV] 484375,88:57:21:70:93:70,no1,-44,-96,22,nenhuma,novo,0,8,242,2081,5773,1023,3378,0,1,0,1,0
  486.848 [CSV] 486376,88:57:21:70:93:70,no1,-44,-96,22,nenhuma,novo,0,8,243,2083,5765,1021,3375,0,1,0,1,0
  488.858 [CSV] 488376,88:57:21:70:93:70,no1,-44,-96,22,nenhuma,novo,0,8,244,2083,5759,1026,3377,0,1,0,1,0
  490.870 [CSV] 490376,88:57:21:70:93:70,no1,-44,-96,22,nenhuma,novo,0,8,245,2082,5752,1026,3376,0,1,0,1,0
  492.837 [CSV] 492376,88:57:21:70:93:70,no1,-44,-96,22,nenhuma,novo,0,8,246,2082,5742,1028,3375,0,1,0,1,0
  494.815 [CSV] 494376,88:57:21:70:93:70,no1,-44,-96,22,nenhuma,novo,0,8,247,2082,5736,1026,3374,0,1,0,1,0
  496.800 [CSV] 496376,88:57:21:70:93:70,no1,-44,-96,22,nenhuma,novo,0,8,248,2082,5729,1024,3382,0,1,0,1,0
  498.792 [CSV] 498377,88:57:21:70:93:70,no1,-44,-96,22,nenhuma,novo,0,8,249,2082,5725,1029,3376,0,1,0,1,0
  500.787 [CSV] 500375,88:57:21:70:93:70,no1,-45,-96,22,nenhuma,novo,0,8,250,2082,5714,1028,3378,0,1,0,1,0
  502.787 [CSV] 502376,88:57:21:70:93:70,no1,-44,-96,22,nenhuma,novo,0,8,251,2081,5712,1025,3379,0,1,0,1,0
  504.789 [CSV] 504376,88:57:21:70:93:70,no1,-45,-96,22,nenhuma,novo,0,8,252,2082,5709,1025,3376,0,1,0,1,0
  506.794 [CSV] 506376,88:57:21:70:93:70,no1,-45,-96,22,nenhuma,novo,0,8,253,2081,5705,1025,3377,0,1,0,1,0
  508.800 [CSV] 508376,88:57:21:70:93:70,no1,-44,-96,22,nenhuma,novo,0,8,254,2083,5702,1028,3378,0,1,0,1,0
  510.808 [CSV] 510376,88:57:21:70:93:70,no1,-45,-96,22,nenhuma,novo,0,8,255,2082,5707,1026,3378,0,1,0,1,0
  512.817 [CSV] 512376,88:57:21:70:93:70,no1,-44,-96,22,nenhuma,novo,0,8,256,2082,5700,1026,3373,0,1,0,1,0
  514.826 [CSV] 514376,88:57:21:70:93:70,no1,-44,-96,22,nenhuma,novo,0,8,257,2081,5708,1023,3374,0,1,0,1,0
  516.837 [CSV] 516376,88:57:21:70:93:70,no1,-45,-96,22,nenhuma,novo,0,8,258,2081,5707,1030,3378,0,1,0,1,0
  518.847 [CSV] 518376,88:57:21:70:93:70,no1,-45,-96,22,nenhuma,novo,0,8,259,2082,5709,1026,3377,0,1,0,1,0
  520.858 [CSV] 520376,88:57:21:70:93:70,no1,-44,-96,22,nenhuma,novo,0,8,260,2081,5712,1023,3375,0,1,0,1,0
  522.869 [CSV] 522376,88:57:21:70:93:70,no1,-44,-96,22,nenhuma,novo,0,8,261,2080,5714,1022,3378,0,1,0,1,0
  524.837 [CSV] 524376,88:57:21:70:93:70,no1,-45,-96,22,nenhuma,novo,0,8,262,2081,5714,1028,3381,0,1,0,1,0
  526.815 [CSV] 526376,88:57:21:70:93:70,no1,-34,-96,22,nenhuma,novo,0,8,263,2082,5709,1031,3374,0,1,0,1,0
  528.801 [CSV] 528377,88:57:21:70:93:70,no1,-44,-96,22,nenhuma,novo,0,8,264,2081,5705,1027,3379,0,1,0,1,0
  530.790 [CSV] 530375,88:57:21:70:93:70,no1,-44,-96,22,nenhuma,novo,0,8,265,2081,5707,1032,3378,0,1,0,1,0
  532.787 [CSV] 532376,88:57:21:70:93:70,no1,-44,-96,22,nenhuma,novo,0,8,266,2078,5712,1025,3379,0,1,0,1,0
  534.787 [CSV] 534376,88:57:21:70:93:70,no1,-41,-96,22,nenhuma,novo,0,8,267,2081,5714,1024,3375,0,1,0,1,0
  536.789 [CSV] 536376,88:57:21:70:93:70,no1,-44,-96,22,nenhuma,novo,0,8,268,2080,5715,1027,3377,0,1,0,1,0
  538.794 [CSV] 538376,88:57:21:70:93:70,no1,-44,-96,22,nenhuma,novo,0,8,269,2081,5716,1027,3381,0,1,0,1,0
  540.498 [RESUMO] 540076,88:57:21:70:93:70,no1,267,0,267,0,0,0,0,100.00,-44.7,-73,-34
  540.800 [CSV] 540375,88:57:21:70:93:70,no1,-36,-96,22,nenhuma,novo,0,8,270,2081,5718,1025,3377,0,1,0,1,0
  542.808 [CSV] 542376,88:57:21:70:93:70,no1,-44,-96,22,nenhuma,novo,0,8,271,2081,5720,1030,3377,0,1,0,1,0
  544.817 [CSV] 544376,88:57:21:70:93:70,no1,-44,-96,22,nenhuma,novo,0,8,272,2080,5715,1023,3379,0,1,0,1,0
  546.827 [CSV] 546376,88:57:21:70:93:70,no1,-45,-96,22,nenhuma,novo,0,8,273,2080,5721,1023,3375,0,1,0,1,0
  548.837 [CSV] 548376,88:57:21:70:93:70,no1,-45,-96,22,nenhuma,novo,0,8,274,2079,5721,1026,3378,0,1,0,1,0
  550.848 [CSV] 550376,88:57:21:70:93:70,no1,-45,-96,22,nenhuma,novo,0,8,275,2080,5726,1030,3381,0,1,0,1,0
  552.859 [CSV] 552376,88:57:21:70:93:70,no1,-45,-96,22,nenhuma,novo,0,8,276,2080,5730,1025,3380,0,1,0,1,0
  554.869 [CSV] 554376,88:57:21:70:93:70,no1,-44,-96,22,nenhuma,novo,0,8,277,2081,5727,1022,3379,0,1,0,1,0
  556.839 [CSV] 556378,88:57:21:70:93:70,no1,-44,-96,22,nenhuma,novo,0,8,278,2080,5731,1027,3380,0,1,0,1,0
  558.814 [CSV] 558375,88:57:21:70:93:70,no1,-44,-96,22,nenhuma,novo,0,8,279,2080,5733,1030,3375,0,1,0,1,0
  560.800 [CSV] 560376,88:57:21:70:93:70,no1,-44,-96,22,nenhuma,novo,0,8,280,2082,5731,1034,3376,0,1,0,1,0
  562.791 [CSV] 562376,88:57:21:70:93:70,no1,-45,-96,22,nenhuma,novo,0,8,281,2079,5731,1030,3376,0,1,0,1,0
  564.787 [CSV] 564376,88:57:21:70:93:70,no1,-44,-96,22,nenhuma,novo,0,8,282,2080,5730,1025,3377,0,1,0,1,0
  566.787 [CSV] 566376,88:57:21:70:93:70,no1,-45,-96,22,nenhuma,novo,0,8,283,2080,5734,1023,3376,0,1,0,1,0
  568.789 [CSV] 568376,88:57:21:70:93:70,no1,-45,-96,22,nenhuma,novo,0,8,284,2079,5730,1023,3376,0,1,0,1,0
  570.794 [CSV] 570376,88:57:21:70:93:70,no1,-44,-96,22,nenhuma,novo,0,8,285,2079,5733,1031,3375,0,1,0,1,0
  572.800 [CSV] 572376,88:57:21:70:93:70,no1,-45,-96,22,nenhuma,novo,0,8,286,2079,5741,1032,3379,0,1,0,1,0
  574.808 [CSV] 574376,88:57:21:70:93:70,no1,-33,-96,22,nenhuma,novo,0,8,287,2079,5741,1030,3377,0,1,0,1,0
  576.817 [CSV] 576376,88:57:21:70:93:70,no1,-44,-96,22,nenhuma,novo,0,8,288,2079,5732,1024,3377,0,1,0,1,0
  578.827 [CSV] 578376,88:57:21:70:93:70,no1,-44,-96,22,nenhuma,novo,0,8,289,2079,5732,1029,3380,0,1,0,1,0
  580.842 [CSV] 580381,88:57:21:70:93:70,no1,-44,-96,22,nenhuma,novo,0,8,290,2079,5729,1027,3377,0,1,0,1,0
  582.847 [CSV] 582375,88:57:21:70:93:70,no1,-45,-96,22,nenhuma,novo,0,8,291,2077,5723,1025,3378,0,1,0,1,0
  584.858 [CSV] 584376,88:57:21:70:93:70,no1,-45,-96,22,nenhuma,novo,0,8,292,2079,5718,1027,3378,0,1,0,1,0
  586.869 [CSV] 586376,88:57:21:70:93:70,no1,-44,-96,22,nenhuma,novo,0,8,293,2078,5712,1026,3371,0,1,0,1,0
  588.858 [CSV] 588376,88:57:21:70:93:70,no1,-44,-96,22,nenhuma,novo,0,8,294,2079,5713,1027,3377,0,1,0,1,0
  590.831 [CSV] 590378,88:57:21:70:93:70,no1,-45,-96,22,nenhuma,novo,0,8,295,2080,5707,1034,3376,0,1,0,1,0
  592.810 [CSV] 592375,88:57:21:70:93:70,no1,-44,-96,22,nenhuma,novo,0,8,296,2079,5706,1024,3380,0,1,0,1,0
  594.799 [CSV] 594377,88:57:21:70:93:70,no1,-44,-96,22,nenhuma,novo,0,8,297,2080,5702,1030,3377,0,1,0,1,0
  596.791 [CSV] 596376,88:57:21:70:93:70,no1,-44,-96,22,nenhuma,novo,0,8,298,2079,5695,1029,3377,0,1,0,1,0
  598.789 [CSV] 598375,88:57:21:70:93:70,no1,-41,-96,22,nenhuma,novo,0,8,299,2079,5696,1026,3377,0,1,0,1,0
  600.489 [RESUMO] 600076,88:57:21:70:93:70,no1,297,0,297,0,0,0,0,100.00,-44.6,-73,-33
  600.790 [CSV] 600375,88:57:21:70:93:70,no1,-44,-96,22,nenhuma,novo,0,8,300,2081,5693,1029,3379,0,1,0,1,0
  602.794 [CSV] 602376,88:57:21:70:93:70,no1,-44,-96,22,nenhuma,novo,0,8,301,2080,5693,1028,3380,0,1,0,1,0
  604.800 [CSV] 604376,88:57:21:70:93:70,no1,-44,-96,22,nenhuma,novo,0,8,302,2081,5694,1028,3377,0,1,0,1,0
  606.807 [CSV] 606376,88:57:21:70:93:70,no1,-44,-96,22,nenhuma,novo,0,8,303,2080,5695,1027,3376,0,1,0,1,0
  608.815 [CSV] 608376,88:57:21:70:93:70,no1,-45,-96,22,nenhuma,novo,0,8,304,2080,5698,1028,3377,0,1,0,1,0
  610.825 [CSV] 610376,88:57:21:70:93:70,no1,-42,-96,22,nenhuma,novo,0,8,305,2077,5696,1019,3377,0,1,0,1,0
  612.834 [CSV] 612375,88:57:21:70:93:70,no1,-44,-96,22,nenhuma,novo,0,8,306,2081,5699,1026,3375,0,1,0,1,0
  614.845 [CSV] 614377,88:57:21:70:93:70,no1,-45,-96,22,nenhuma,novo,0,8,307,2079,5692,1027,3375,0,1,0,1,0
  616.855 [CSV] 616375,88:57:21:70:93:70,no1,-44,-96,22,nenhuma,novo,0,8,308,2078,5693,1028,3372,0,1,0,1,0
  618.866 [CSV] 618376,88:57:21:70:93:70,no1,-44,-96,22,nenhuma,novo,0,8,309,2078,5692,1029,3377,0,1,0,1,0
