    0.016 ets Jul 29 2019 12:21:46
    0.016 
    0.018 rst:0x1 (POWERON_RESET),boot:0x13 (SPI_FAST_FLASH_BOOT)
    0.018 configsip: 0, SPIWP:0xee
    0.027 clk_drv:0x00,q_drv:0x00,d_drv:0x00,cs0_drv:0x00,hd_drv:0x00,wp_drv:0x00
    0.028 mode:DIO, clock div:2
    0.029 load:0x3fff0030,len:4640
    0.030 load:0x40078000,len:15632
    0.031 load:0x40080400,len:3164
    0.031 entry 0x4008059c
    0.605 
    0.605 [BOOT] no sensor - etapa 4
    0.618 [BOOT] boot=9 motivo=1 protocolo v1 (22 bytes) canal=1 destino=88:57:21:70:91:fd
    0.624 [ENVIO] boot,seq,ack,tentativas,ligar_us,t1_us,t2_us,t3_us,envio_us,erro,tent_ant,flags,leitura_us,ciclo_us
    0.998 [ENVIO] 9,0,0,3,109887,37901,33884,33109,152523,,0,0,98665,371708
    2.906 [ENVIO] 9,1,0,3,19465,49592,30419,32232,157700,,3,2,98020,284561
    4.907 [ENVIO] 9,2,0,3,19488,33863,37164,30441,158924,,3,2,98007,286564
    6.752 [ENVIO] 9,3,1,1,19428,3145,,,3198,,3,2,98008,130561
    8.756 [ENVIO] 9,4,1,1,19504,3106,,,3158,,1,0,98008,130565
   10.761 [ENVIO] 9,5,1,1,19412,3110,,,3162,,1,0,98007,130560
   12.769 [ENVIO] 9,6,1,1,19488,5116,,,5168,,1,0,98008,132565
   14.773 [ENVIO] 9,7,1,1,19464,3068,,,3120,,1,0,98008,130560
   16.783 [ENVIO] 9,8,1,1,19550,3907,,,3960,,1,0,98004,131564
   18.790 [ENVIO] 9,9,1,1,19463,3144,,,3196,,1,0,98008,130560
   20.799 [ENVIO] 9,10,1,1,19545,3097,,,3149,,1,0,98007,130564
   22.808 [ENVIO] 9,11,1,1,19476,3134,,,3186,,1,0,98008,130560
   24.821 [ENVIO] 9,12,1,1,19493,3073,,,3126,,1,0,98008,130564
   26.806 [ENVIO] 9,13,1,1,19476,3144,,,3196,,1,0,98007,130560
   28.791 [ENVIO] 9,14,1,1,19493,5462,,,5514,,1,0,98008,132564
   30.937 [ENVIO] 9,15,0,3,19463,38002,33464,32506,160016,,1,0,98009,287560
   32.931 [ENVIO] 9,16,0,3,19497,33855,33529,37234,160708,,3,2,98008,288564
   34.913 [ENVIO] 9,17,0,3,19464,33068,29781,30443,145954,,3,2,98007,273560
   36.917 [ENVIO] 9,18,0,3,19497,39281,31326,30594,150068,,3,2,98007,277564
   38.929 [ENVIO] 9,19,0,3,19463,35120,36394,32819,160330,,3,2,98007,287560
   40.942 [ENVIO] 9,20,0,3,19497,37059,40178,37499,167973,,3,2,98006,295564
   42.941 [ENVIO] 9,21,0,3,19463,32920,34546,32323,160834,,3,2,98009,288560
   44.932 [ENVIO] 9,22,0,3,19497,35247,29867,34665,144139,,3,2,98007,271564
   46.946 [ENVIO] 9,23,0,3,19464,32969,33442,30606,150117,,3,2,98007,277560
   48.956 [ENVIO] 9,24,0,3,19547,36512,27657,34597,149021,,3,2,98007,276564
   50.972 [ENVIO] 9,25,0,3,19474,32890,35072,37117,154618,,3,2,98007,281560
   52.977 [ENVIO] 9,26,0,3,19497,38066,28542,32896,147370,,3,2,98006,274564
   55.007 [ENVIO] 9,27,0,3,19464,41880,37555,36098,166609,,3,2,98007,293560
   57.010 [ENVIO] 9,28,0,3,19497,40681,38364,31824,159298,,3,2,98008,286564
   58.982 [ENVIO] 9,29,0,3,19463,38323,35875,35260,160771,,3,2,98008,288560
   60.960 [ENVIO] 9,30,0,3,19497,39680,35605,37053,166527,,3,2,98006,293564
   62.927 [ENVIO] 9,31,0,3,19464,39533,34561,35721,151232,,3,2,98008,278560
   64.918 [ENVIO] 9,32,0,3,19497,35941,33559,30248,152722,,3,2,98007,280564
   66.908 [ENVIO] 9,33,0,3,19481,31217,32836,33328,149821,,3,2,98008,277560
   68.898 [ENVIO] 9,34,0,3,19497,31851,29552,31122,142596,,3,2,98007,269564
   70.910 [ENVIO] 9,35,0,3,19464,35692,29993,35912,154423,,3,2,98008,281560
   72.915 [ENVIO] 9,36,0,3,19497,36266,36875,31821,155295,,3,2,98007,282564
   74.910 [ENVIO] 9,37,0,3,19463,33824,30554,33902,146413,,3,2,98008,273560
   76.923 [ENVIO] 9,38,0,3,19547,32848,34750,31393,151817,,3,2,98008,279564
   78.929 [ENVIO] 9,39,0,3,19474,36229,34036,32024,150525,,3,2,98008,277560
   80.934 [ENVIO] 9,40,0,3,19544,30243,32101,31615,145041,,3,2,98007,272564
   82.947 [ENVIO] 9,41,0,3,19464,35867,27596,32899,146410,,3,2,98009,273560
   84.963 [ENVIO] 9,42,0,3,19497,32360,34572,29398,149872,,3,2,98006,277564
   86.972 [ENVIO] 9,43,0,3,19464,36611,32664,35424,147935,,3,2,98008,275560
   88.984 [ENVIO] 9,44,0,3,19497,32946,33792,29869,150343,,3,2,98007,277564
   90.968 [ENVIO] 9,45,0,3,19463,34589,30528,32699,140210,,3,2,98008,267560
   92.952 [ENVIO] 9,46,0,3,19497,33183,33260,33315,151789,,3,2,98008,279564
   94.937 [ENVIO] 9,47,0,3,19463,40209,31663,33562,155073,,3,2,98008,282560
   96.773 [ENVIO] 9,48,1,1,19547,3143,,,3196,,3,2,98007,130564
   98.765 [ENVIO] 9,49,1,1,19480,3085,,,3137,,1,0,98009,130560
  100.764 [ENVIO] 9,50,1,1,19480,4363,,,4417,,1,0,98008,131564
  102.763 [ENVIO] 9,51,1,1,19489,3147,,,3199,,1,0,98008,130560
  104.766 [ENVIO] 9,52,1,1,19479,3061,,,3114,,1,0,98007,130564
  106.771 [ENVIO] 9,53,1,1,19475,3084,,,3137,,1,0,98009,130560
  108.777 [ENVIO] 9,54,1,1,19479,3168,,,3221,,1,0,98008,130564
  110.785 [ENVIO] 9,55,1,1,19475,3670,,,3723,,1,0,98008,130556
  112.794 [ENVIO] 9,56,1,1,19479,3078,,,3131,,1,0,98007,130564
  114.805 [ENVIO] 9,57,1,1,19475,3104,,,3156,,1,0,98008,130560
  116.816 [ENVIO] 9,58,1,1,19480,3088,,,3141,,1,0,98007,130564
  118.827 [ENVIO] 9,59,1,1,19468,3107,,,3159,,1,0,98008,130560
  120.839 [ENVIO] 9,60,1,1,19485,5642,,,5695,,1,0,98004,132564
  122.835 [ENVIO] 9,61,1,1,19475,4671,,,4724,,1,0,98007,131556
  124.806 [ENVIO] 9,62,1,1,19503,3079,,,3132,,1,0,98003,130564
  126.788 [ENVIO] 9,63,1,1,19475,3893,,,3945,,1,0,98009,131560
  128.774 [ENVIO] 9,64,1,1,19480,3168,,,3221,,1,0,98008,130564
  130.767 [ENVIO] 9,65,1,1,19468,3100,,,3152,,1,0,98009,130560
  132.764 [ENVIO] 9,66,1,1,19480,3104,,,3157,,1,0,98006,130564
  134.764 [ENVIO] 9,67,1,1,19475,3067,,,3119,,1,0,98008,130560
  136.769 [ENVIO] 9,68,1,1,19498,3088,,,3141,,1,0,98008,130564
  138.773 [ENVIO] 9,69,1,1,19475,3089,,,3141,,1,0,98008,130560
  140.780 [ENVIO] 9,70,1,1,19480,3075,,,3129,,1,0,98008,130564
  142.787 [ENVIO] 9,71,1,1,19475,3085,,,3137,,1,0,98008,130560
  144.797 [ENVIO] 9,72,1,1,19479,3095,,,3148,,1,0,98007,130564
  146.808 [ENVIO] 9,73,1,1,19475,3067,,,3119,,1,0,98008,130560
  148.818 [ENVIO] 9,74,1,1,19480,3172,,,3225,,1,0,98007,130564
