    0.017 ets Jul 29 2019 12:21:46
    0.017 
    0.019 rst:0x1 (POWERON_RESET),boot:0x13 (SPI_FAST_FLASH_BOOT)
    0.020 configsip: 0, SPIWP:0xee
    0.028 clk_drv:0x00,q_drv:0x00,d_drv:0x00,cs0_drv:0x00,hd_drv:0x00,wp_drv:0x00
    0.029 mode:DIO, clock div:2
    0.031 load:0x3fff0030,len:4640
    0.032 load:0x40078000,len:15632
    0.033 load:0x40080400,len:3164
    0.033 entry 0x4008059c
    0.591 
    0.592 [BOOT] coordenador - etapa 4
    0.592 [MAC] STA 88:57:21:70:91:fc
    0.592 [MAC] AP  88:57:21:70:91:fd
    0.592 [BOOT] protocolo v1 (22 bytes)
    0.673 [WIFI] varrendo canais...
    4.833 [WIFI] varredura: 26 redes em 4205 ms
    4.834 [SCAN] canal,rssi_dbm,ssid
    4.834 [SCAN] 7,-17,(omitido)
    4.834 [SCAN] 3,-64,(omitido)
    4.845 [SCAN] 1,-72,(omitido)
    4.845 [SCAN] 10,-72,(omitido)
    4.845 [SCAN] 5,-78,(omitido)
    4.845 [SCAN] 11,-80,(omitido)
    4.845 [SCAN] 11,-80,(omitido)
    4.855 [SCAN] 11,-84,(omitido)
    4.856 [SCAN] 8,-85,(omitido)
    4.856 [SCAN] 11,-87,(omitido)
    4.856 [SCAN] 1,-89,(omitido)
    4.866 [SCAN] 8,-90,(omitido)
    4.867 [SCAN] 11,-91,(omitido)
    4.867 [SCAN] 1,-92,(omitido)
    4.867 [SCAN] 3,-92,(omitido)
    4.867 [SCAN] 3,-92,(omitido)
    4.867 [SCAN] 3,-92,(omitido)
    4.867 [SCAN] 4,-92,(omitido)
    4.878 [SCAN] 8,-92,(omitido)
    4.878 [SCAN] 4,-93,(omitido)
    4.878 [SCAN] 9,-93,(omitido)
    4.878 [SCAN] 11,-93,(omitido)
    4.878 [SCAN] 11,-93,(omitido)
    4.888 [SCAN] 6,-95,(omitido)
    4.889 [SCAN] 6,-95,(omitido)
    4.889 [SCAN] 11,-96,(omitido)
    4.889 [WIFI] canal  1: 3 no canal, 7 sobrepostas, mais forte -64 dBm
    4.898 [WIFI] canal  6: 2 no canal, 13 sobrepostas, mais forte -17 dBm
    4.898 [WIFI] canal 11: 8 no canal, 6 sobrepostas, mais forte -17 dBm
    5.100 [WIFI] SoftAP "horta-coord" canal 1, MAC AP 88:57:21:70:91:FD, IP 192.168.4.1
    5.111 [ESPNOW] pronto: versao 2, fila de 16 itens (272 bytes cada)
    5.122 [CSV] t_ms,mac,nome,rssi,ruido,len,validacao,classe,perdidos,boot,seq,temp_c100,ur_c100,solo_mv,alim_mv,estados,motivo_boot,acordado_ant_ms,tent_ant,flags
    5.126 [RESUMO] t_ms,mac,nome,recebidos,rejeitados,aceitos,perdidos,descartados,reinicios,sem_ack,entrega_pct,rssi_medio,rssi_min,rssi_max
    6.683 [CSV] 6375,88:57:21:70:93:70,no1,-45,-96,22,nenhuma,primeiro,0,10,3,2086,5754,1023,3381,0,1,0,3,2
    8.673 [CSV] 8374,88:57:21:70:93:70,no1,-46,-96,22,nenhuma,novo,0,10,4,2085,5760,1022,3375,0,1,0,1,0
   10.671 [CSV] 10374,88:57:21:70:93:70,no1,-45,-96,22,nenhuma,novo,0,10,5,2083,5760,1030,3376,0,1,0,1,0
   12.671 [CSV] 12375,88:57:21:70:93:70,no1,-45,-96,22,nenhuma,novo,0,10,6,2083,5760,1030,3378,0,1,0,1,0
   14.674 [CSV] 14375,88:57:21:70:93:70,no1,-45,-96,22,nenhuma,novo,0,10,7,2083,5764,1018,3375,0,1,0,1,0
   16.679 [CSV] 16374,88:57:21:70:93:70,no1,-45,-96,22,nenhuma,novo,0,10,8,2085,5761,1031,3376,0,1,0,1,0
   18.685 [CSV] 18374,88:57:21:70:93:70,no1,-45,-96,22,nenhuma,novo,0,10,9,2085,5767,1026,3376,0,1,0,1,0
   20.694 [CSV] 20375,88:57:21:70:93:70,no1,-44,-96,22,nenhuma,novo,0,10,10,2086,5776,1031,3380,0,1,0,1,0
   22.703 [CSV] 22375,88:57:21:70:93:70,no1,-31,-96,22,nenhuma,novo,0,10,11,2086,5774,1029,3377,0,1,0,1,0
   24.712 [CSV] 24374,88:57:21:70:93:70,no1,-44,-96,22,nenhuma,novo,0,10,12,2083,5777,1030,3378,0,1,0,1,0
   26.724 [CSV] 26376,88:57:21:70:93:70,no1,-45,-96,22,nenhuma,novo,0,10,13,2086,5774,1026,3377,0,1,0,1,0
   28.733 [CSV] 28374,88:57:21:70:93:70,no1,-45,-96,22,nenhuma,novo,0,10,14,2086,5781,1023,3376,0,1,0,1,0
   30.933 [CSV] 30563,88:57:21:70:93:70,no1,-44,-96,22,nenhuma,reinicio,0,11,0,2086,5786,1032,3378,0,1,0,0,0
   32.868 [CSV] 32487,88:57:21:70:93:70,no1,-45,-96,22,nenhuma,novo,0,11,1,2086,5780,1031,3378,0,1,0,1,0
   34.842 [CSV] 34484,88:57:21:70:93:70,no1,-45,-96,22,nenhuma,novo,0,11,2,2085,5784,1024,3377,0,1,0,1,0
   36.819 [CSV] 36484,88:57:21:70:93:70,no1,-45,-96,22,nenhuma,novo,0,11,3,2087,5789,1024,3376,0,1,0,1,0
   38.805 [CSV] 38485,88:57:21:70:93:70,no1,-46,-96,22,nenhuma,novo,0,11,4,2086,5781,1025,3375,0,1,0,1,0
   40.794 [CSV] 40484,88:57:21:70:93:70,no1,-45,-96,22,nenhuma,novo,0,11,5,2085,5781,1032,3382,0,1,0,1,0
   42.791 [CSV] 42486,88:57:21:70:93:70,no1,-45,-96,22,nenhuma,novo,0,11,6,2085,5784,1028,3375,0,1,0,1,0
   44.789 [CSV] 44484,88:57:21:70:93:70,no1,-45,-96,22,nenhuma,novo,0,11,7,2084,5778,1024,3376,0,1,0,1,0
   46.792 [CSV] 46485,88:57:21:70:93:70,no1,-45,-96,22,nenhuma,novo,0,11,8,2086,5775,1024,3379,0,1,0,1,0
   48.796 [CSV] 48485,88:57:21:70:93:70,no1,-46,-96,22,nenhuma,novo,0,11,9,2085,5776,1030,3379,0,1,0,1,0
   50.803 [CSV] 50485,88:57:21:70:93:70,no1,-45,-96,22,nenhuma,novo,0,11,10,2086,5776,1031,3374,0,1,0,1,0
   52.810 [CSV] 52485,88:57:21:70:93:70,no1,-44,-96,22,nenhuma,novo,0,11,11,2085,5779,1021,3377,0,1,0,1,0
   54.821 [CSV] 54487,88:57:21:70:93:70,no1,-45,-96,22,nenhuma,novo,0,11,12,2086,5775,1026,3377,0,1,0,1,0
   56.828 [CSV] 56484,88:57:21:70:93:70,no1,-73,-96,22,nenhuma,novo,0,11,13,2086,5772,1032,3380,0,1,0,1,0
   58.838 [CSV] 58485,88:57:21:70:93:70,no1,-46,-96,22,nenhuma,novo,0,11,14,2086,5776,1036,3377,0,1,0,1,0
   60.445 [RESUMO] 60085,88:57:21:70:93:70,no1,27,0,27,0,0,1,1,100.00,-45.5,-73,-31
   60.937 [CSV] 60573,88:57:21:70:93:70,no1,-45,-96,22,nenhuma,reinicio,0,12,0,2085,5775,1031,3380,0,1,0,0,0
   62.866 [CSV] 62493,88:57:21:70:93:70,no1,-45,-96,22,nenhuma,novo,0,12,1,2086,5781,1025,3376,0,1,0,1,0
   64.879 [CSV] 64495,88:57:21:70:93:70,no1,-45,-96,22,nenhuma,novo,0,12,2,2086,5783,1019,3371,0,1,0,1,0
   66.852 [CSV] 66493,88:57:21:70:93:70,no1,-44,-96,22,nenhuma,novo,0,12,3,2087,5782,1022,3377,0,1,0,1,0
   68.827 [CSV] 68493,88:57:21:70:93:70,no1,-45,-96,22,nenhuma,novo,0,12,4,2087,5783,1024,3374,0,1,0,1,0
   70.811 [CSV] 70493,88:57:21:70:93:70,no1,-45,-96,22,nenhuma,novo,0,12,5,2087,5783,1028,3375,0,1,0,1,0
   72.800 [CSV] 72493,88:57:21:70:93:70,no1,-45,-96,22,nenhuma,novo,0,12,6,2086,5784,1027,3379,0,1,0,1,0
   74.796 [CSV] 74493,88:57:21:70:93:70,no1,-45,-96,22,nenhuma,novo,0,12,7,2086,5782,1026,3376,0,1,0,1,0
   76.795 [CSV] 76494,88:57:21:70:93:70,no1,-45,-96,22,nenhuma,novo,0,12,8,2085,5780,1026,3378,0,1,0,1,0
   78.796 [CSV] 78493,88:57:21:70:93:70,no1,-73,-96,22,nenhuma,novo,0,12,9,2087,5776,1028,3380,0,1,0,1,0
   80.802 [CSV] 80495,88:57:21:70:93:70,no1,-44,-96,22,nenhuma,novo,0,12,10,2086,5770,1032,3377,0,1,0,1,0
   82.806 [CSV] 82493,88:57:21:70:93:70,no1,-46,-96,22,nenhuma,novo,0,12,11,2086,5770,1031,3376,0,1,0,1,0
   84.812 [CSV] 84493,88:57:21:70:93:70,no1,-73,-96,22,nenhuma,novo,0,12,12,2087,5771,1029,3375,0,1,0,1,0
   86.821 [CSV] 86493,88:57:21:70:93:70,no1,-44,-96,22,nenhuma,novo,0,12,13,2086,5773,1029,3375,0,1,0,1,0
   88.830 [CSV] 88493,88:57:21:70:93:70,no1,-45,-96,22,nenhuma,novo,0,12,14,2086,5777,1023,3374,0,1,0,1,0
   90.976 [CSV] 90628,88:57:21:70:93:70,no1,-45,-96,22,nenhuma,reinicio,0,13,0,2085,5773,1023,3381,0,1,0,0,0
   92.912 [CSV] 92554,88:57:21:70:93:70,no1,-45,-96,22,nenhuma,novo,0,13,1,2086,5774,1027,3381,0,1,0,1,0
   94.919 [CSV] 94551,88:57:21:70:93:70,no1,-45,-96,22,nenhuma,novo,0,13,2,2085,5776,1029,3377,0,1,0,1,0
   96.930 [CSV] 96552,88:57:21:70:93:70,no1,-45,-96,22,nenhuma,novo,0,13,3,2086,5778,1032,3376,0,1,0,1,0
   98.905 [CSV] 98552,88:57:21:70:93:70,no1,-45,-96,22,nenhuma,novo,0,13,4,2086,5781,1028,3377,0,1,0,1,0
  100.882 [CSV] 100552,88:57:21:70:93:70,no1,-44,-96,22,nenhuma,novo,0,13,5,2086,5779,1024,3375,0,1,0,1,0
  102.865 [CSV] 102552,88:57:21:70:93:70,no1,-46,-96,22,nenhuma,novo,0,13,6,2085,5775,1028,3380,0,1,0,1,0
  104.856 [CSV] 104552,88:57:21:70:93:70,no1,-45,-96,22,nenhuma,novo,0,13,7,2084,5771,1027,3376,0,1,0,1,0
  106.851 [CSV] 106552,88:57:21:70:93:70,no1,-45,-96,22,nenhuma,novo,0,13,8,2086,5775,1028,3376,0,1,0,1,0
  108.851 [CSV] 108553,88:57:21:70:93:70,no1,-45,-96,22,nenhuma,novo,0,13,9,2086,5781,1028,3374,0,1,0,1,0
  110.851 [CSV] 110551,88:57:21:70:93:70,no1,-44,-96,22,nenhuma,novo,0,13,10,2086,5781,1033,3378,0,1,0,1,0
  112.856 [CSV] 112552,88:57:21:70:93:70,no1,-45,-96,22,nenhuma,novo,0,13,11,2086,5783,1021,3378,0,1,0,1,0
  114.862 [CSV] 114552,88:57:21:70:93:70,no1,-44,-96,22,nenhuma,novo,0,13,12,2087,5779,1034,3377,0,1,0,1,0
  116.869 [CSV] 116552,88:57:21:70:93:70,no1,-45,-96,22,nenhuma,novo,0,13,13,2085,5786,1027,3374,0,1,0,1,0
  118.878 [CSV] 118552,88:57:21:70:93:70,no1,-46,-96,22,nenhuma,novo,0,13,14,2087,5784,1028,3372,0,1,0,1,0
