    0.015 ets Jul 29 2019 12:21:46
    0.016 
    0.018 rst:0x1 (POWERON_RESET),boot:0x13 (SPI_FAST_FLASH_BOOT)
    0.020 configsip: 0, SPIWP:0xee
    0.028 clk_drv:0x00,q_drv:0x00,d_drv:0x00,cs0_drv:0x00,hd_drv:0x00,wp_drv:0x00
    0.029 mode:DIO, clock div:2
    0.030 load:0x3fff0030,len:4640
    0.031 load:0x40078000,len:15632
    0.032 load:0x40080400,len:3164
    0.033 entry 0x4008059c
    0.602 
    0.603 [BOOT] no sensor - etapa 4
    0.616 [BOOT] boot=10 motivo=1 protocolo v1 (22 bytes) canal=1 destino=88:57:21:70:91:fd
    0.621 [ENVIO] boot,seq,ack,tentativas,ligar_us,t1_us,t2_us,t3_us,envio_us,erro,tent_ant,flags,leitura_us,ciclo_us
    0.972 [ENVIO] 10,0,0,3,95590,33910,30662,27658,149370,,0,0,98649,353694
    2.865 [ENVIO] 10,1,0,3,19467,35440,27978,34711,148176,,3,2,98021,275561
    4.843 [ENVIO] 10,2,0,3,19482,32581,33790,29789,145277,,3,2,98008,272564
    6.688 [ENVIO] 10,3,1,1,19433,3913,,,3966,,3,2,98008,130560
    8.680 [ENVIO] 10,4,1,1,19488,3091,,,3143,,1,0,98008,130565
   10.677 [ENVIO] 10,5,1,1,19430,3087,,,3139,,1,0,98009,130561
   12.677 [ENVIO] 10,6,1,1,19502,3257,,,3309,,1,0,98008,130565
   14.680 [ENVIO] 10,7,1,1,19471,3496,,,3548,,1,0,98008,130561
   16.686 [ENVIO] 10,8,1,1,19513,3106,,,3158,,1,0,98007,130565
   18.692 [ENVIO] 10,9,1,1,19471,3140,,,3192,,1,0,98008,130561
   20.700 [ENVIO] 10,10,1,1,19543,3095,,,3147,,1,0,98008,130565
   22.708 [ENVIO] 10,11,1,1,19469,3079,,,3131,,1,0,98008,130561
   24.719 [ENVIO] 10,12,1,1,19506,3072,,,3125,,1,0,98007,130565
   26.731 [ENVIO] 10,13,1,1,19471,4909,,,4961,,1,0,98009,132561
   28.740 [ENVIO] 10,14,1,1,19506,3078,,,3131,,1,0,98008,130565
   30.050 #RTS ativo (EN=0)
   30.101 #RTS solto
   30.115 ets Jul 29 2019 12:21:46
   30.115 
   30.115 rst:0x1 (POWERON_RESET),boot:0x13 (SPI_FAST_FLASH_BOOT)
   30.115 configsip: 0, SPIWP:0xee
   30.126 clk_drv:0x00,q_drv:0x00,d_drv:0x00,cs0_drv:0x00,hd_drv:0x00,wp_drv:0x00
   30.126 mode:DIO, clock div:2
   30.126 load:0x3fff0030,len:4640
   30.130 load:0x40078000,len:15632
   30.130 load:0x40080400,len:3164
   30.130 entry 0x4008059c
   30.709 
   30.709 [BOOT] no sensor - etapa 4
   30.723 [BOOT] boot=11 motivo=1 protocolo v1 (22 bytes) canal=1 destino=88:57:21:70:91:fd
   30.728 [ENVIO] boot,seq,ack,tentativas,ligar_us,t1_us,t2_us,t3_us,envio_us,erro,tent_ant,flags,leitura_us,ciclo_us
   30.940 [ENVIO] 11,0,1,1,96429,3380,,,3429,,0,0,98659,208705
   32.874 [ENVIO] 11,1,1,1,19474,6258,,,6311,,1,0,98014,133554
   34.848 [ENVIO] 11,2,1,1,19482,3110,,,3162,,1,0,97997,130558
   36.825 [ENVIO] 11,3,1,1,19404,3108,,,3161,,1,0,98000,130553
   38.811 [ENVIO] 11,4,1,1,19488,4381,,,4433,,1,0,97999,131558
   40.800 [ENVIO] 11,5,1,1,19414,3086,,,3138,,1,0,98001,130553
   42.798 [ENVIO] 11,6,1,1,19478,4882,,,4934,,1,0,97999,132558
   44.795 [ENVIO] 11,7,1,1,19484,3254,,,3307,,1,0,98000,130554
   46.797 [ENVIO] 11,8,1,1,19473,3058,,,3111,,1,0,97999,130558
   48.802 [ENVIO] 11,9,1,1,19481,3121,,,3173,,1,0,98000,130554
   50.809 [ENVIO] 11,10,1,1,19477,3107,,,3159,,1,0,98000,130558
   52.816 [ENVIO] 11,11,1,1,19481,3060,,,3112,,1,0,98000,130554
   54.827 [ENVIO] 11,12,1,1,19477,5518,,,5570,,1,0,98000,132558
   56.834 [ENVIO] 11,13,1,1,19476,3083,,,3135,,1,0,98000,130554
   58.844 [ENVIO] 11,14,1,1,19477,3178,,,3230,,1,0,98000,130558
   60.002 #RTS ativo (EN=0)
   60.103 #RTS solto
   60.116 ets Jul 29 2019 12:21:46
   60.117 
   60.117 rst:0x1 (POWERON_RESET),boot:0x13 (SPI_FAST_FLASH_BOOT)
   60.117 configsip: 0, SPIWP:0xee
   60.128 clk_drv:0x00,q_drv:0x00,d_drv:0x00,cs0_drv:0x00,hd_drv:0x00,wp_drv:0x00
   60.128 mode:DIO, clock div:2
   60.128 load:0x3fff0030,len:4640
   60.132 load:0x40078000,len:15632
   60.132 load:0x40080400,len:3164
   60.132 entry 0x4008059c
   60.711 
   60.711 [BOOT] no sensor - etapa 4
   60.725 [BOOT] boot=12 motivo=1 protocolo v1 (22 bytes) canal=1 destino=88:57:21:70:91:fd
   60.731 [ENVIO] boot,seq,ack,tentativas,ligar_us,t1_us,t2_us,t3_us,envio_us,erro,tent_ant,flags,leitura_us,ciclo_us
   60.943 [ENVIO] 12,0,1,1,97394,3381,,,3430,,0,0,98661,209705
   62.873 [ENVIO] 12,1,1,1,19474,3096,,,3149,,1,0,98026,130565
   64.885 [ENVIO] 12,2,1,1,19473,5614,,,5666,,1,0,98011,132569
   66.859 [ENVIO] 12,3,1,1,19402,3094,,,3146,,1,0,98012,130565
   68.834 [ENVIO] 12,4,1,1,19502,3163,,,3216,,1,0,98011,130568
   70.817 [ENVIO] 12,5,1,1,19409,3092,,,3144,,1,0,98012,130565
   72.807 [ENVIO] 12,6,1,1,19477,3068,,,3121,,1,0,98012,130568
   74.802 [ENVIO] 12,7,1,1,19506,3098,,,3150,,1,0,98013,130565
   76.801 [ENVIO] 12,8,1,1,19477,3867,,,3919,,1,0,98012,131569
   78.802 [ENVIO] 12,9,1,1,19477,3101,,,3153,,1,0,98014,130566
   80.809 [ENVIO] 12,10,1,1,19477,5024,,,5076,,1,0,98012,132569
   82.812 [ENVIO] 12,11,1,1,19481,3093,,,3145,,1,0,98013,130565
   84.819 [ENVIO] 12,12,1,1,19504,3055,,,3107,,1,0,98012,130569
   86.828 [ENVIO] 12,13,1,1,19477,3058,,,3110,,1,0,98014,130566
   88.837 [ENVIO] 12,14,1,1,19477,3149,,,3201,,1,0,98012,130569
   90.044 #RTS ativo (EN=0)
   90.146 #RTS solto
   90.160 ets Jul 29 2019 12:21:46
   90.160 
   90.160 rst:0x1 (POWERON_RESET),boot:0x13 (SPI_FAST_FLASH_BOOT)
   90.160 configsip: 0, SPIWP:0xee
   90.171 clk_drv:0x00,q_drv:0x00,d_drv:0x00,cs0_drv:0x00,hd_drv:0x00,wp_drv:0x00
   90.171 mode:DIO, clock div:2
   90.171 load:0x3fff0030,len:4640
   90.175 load:0x40078000,len:15632
   90.175 load:0x40080400,len:3164
   90.175 entry 0x4008059c
   90.754 
   90.754 [BOOT] no sensor - etapa 4
   90.768 [BOOT] boot=13 motivo=1 protocolo v1 (22 bytes) canal=1 destino=88:57:21:70:91:fd
   90.773 [ENVIO] boot,seq,ack,tentativas,ligar_us,t1_us,t2_us,t3_us,envio_us,erro,tent_ant,flags,leitura_us,ciclo_us
   90.983 [ENVIO] 13,0,1,1,94670,3365,,,3413,,0,0,98659,206705
   92.918 [ENVIO] 13,1,1,1,19492,5687,,,5737,,1,0,98028,132567
   94.926 [ENVIO] 13,2,1,1,19493,3074,,,3127,,1,0,98015,130572
   96.936 [ENVIO] 13,3,1,1,19435,3086,,,3139,,1,0,98015,130568
   98.911 [ENVIO] 13,4,1,1,19484,3187,,,3241,,1,0,98014,130572
  100.887 [ENVIO] 13,5,1,1,19413,3094,,,3147,,1,0,98015,130568
  102.871 [ENVIO] 13,6,1,1,19499,3081,,,3133,,1,0,98014,130572
  104.862 [ENVIO] 13,7,1,1,19481,3080,,,3132,,1,0,98015,130568
  106.857 [ENVIO] 13,8,1,1,19504,3055,,,3108,,1,0,98015,130572
  108.858 [ENVIO] 13,9,1,1,19476,4807,,,4859,,1,0,98016,132568
  110.858 [ENVIO] 13,10,1,1,19477,3068,,,3120,,1,0,98015,130572
  112.862 [ENVIO] 13,11,1,1,19505,3089,,,3141,,1,0,98015,130568
  114.868 [ENVIO] 13,12,1,1,19496,3096,,,3148,,1,0,98015,130572
  116.875 [ENVIO] 13,13,1,1,19505,3058,,,3110,,1,0,98014,130568
  118.884 [ENVIO] 13,14,1,1,19499,3131,,,3185,,1,0,98014,130572
