    0.016 ets Jul 29 2019 12:21:46
    0.016 
    0.017 rst:0x1 (POWERON_RESET),boot:0x13 (SPI_FAST_FLASH_BOOT)
    0.017 configsip: 0, SPIWP:0xee
    0.028 clk_drv:0x00,q_drv:0x00,d_drv:0x00,cs0_drv:0x00,hd_drv:0x00,wp_drv:0x00
    0.028 mode:DIO, clock div:2
    0.029 load:0x3fff0030,len:4640
    0.031 load:0x40078000,len:15632
    0.032 load:0x40080400,len:3164
    0.032 entry 0x4008059c
    0.610 
    0.610 [BOOT] no sensor - etapa 4
    0.624 [BOOT] boot=14 motivo=1 protocolo v1 (22 bytes) canal=1 destino=88:57:21:70:91:fd
    0.633 [BOOT] MODO DE TESTE: duplicata a cada 5 ciclos
    0.634 [ENVIO] boot,seq,ack,tentativas,ligar_us,t1_us,t2_us,t3_us,envio_us,erro,tent_ant,flags,leitura_us,ciclo_us
    0.983 [ENVIO] 14,0,0,3,96159,31875,32112,29557,143764,,0,0,98615,348746
    2.929 [ENVIO] 14,1,0,3,19736,30037,30430,36539,157757,,3,2,97951,285497
    4.924 [ENVIO] 14,2,0,3,19816,35520,27643,32099,148289,,3,2,97920,275501
    6.783 [ENVIO] 14,3,1,1,19756,3087,,,3135,,3,2,97929,130489
    8.785 [TESTE] reenvio do seq 4 (duplicado): ack=1
    8.785 [TESTE] reenvio do seq 3 (antigo): ack=1
    8.794 [ENVIO] 14,4,1,1,19842,3124,,,3173,,1,0,97920,134528
   10.800 [ENVIO] 14,5,1,1,19726,3070,,,3119,,1,0,97929,130497
   12.805 [ENVIO] 14,6,1,1,19832,3863,,,3911,,1,0,97920,131493
   14.808 [ENVIO] 14,7,1,1,19862,3185,,,3233,,1,0,97929,130497
   16.813 [ENVIO] 14,8,1,1,19850,3065,,,3113,,1,0,97921,130492
   18.802 [TESTE] reenvio do seq 9 (duplicado): ack=1
   18.802 [TESTE] reenvio do seq 8 (antigo): ack=1
   18.810 [ENVIO] 14,9,1,1,19862,3101,,,3149,,1,0,97929,134524
   20.723 [ENVIO] 14,10,1,1,19834,3120,,,3174,,1,0,97920,130501
   22.735 [ENVIO] 14,11,1,1,19854,4891,,,4939,,1,0,97929,132489
   24.744 [ENVIO] 14,12,1,1,19857,3058,,,3106,,1,0,97921,130501
   26.748 [ENVIO] 14,13,1,1,19835,3114,,,3168,,1,0,97929,130489
   28.707 [TESTE] reenvio do seq 14 (duplicado): ack=1
   28.707 [TESTE] reenvio do seq 13 (antigo): ack=1
   28.716 [ENVIO] 14,14,1,1,19873,3091,,,3139,,1,0,97920,134532
   30.723 [ENVIO] 14,15,1,1,19808,3100,,,3148,,1,0,97928,130497
   32.712 [ENVIO] 14,16,1,1,19813,4953,,,5001,,1,0,97919,132492
   34.683 [ENVIO] 14,17,1,1,19872,3067,,,3115,,1,0,97929,130497
   36.616 [ENVIO] 14,18,1,1,19838,3090,,,3141,,1,0,97920,130493
   38.596 [TESTE] reenvio do seq 19 (duplicado): ack=1
   38.598 [TESTE] reenvio do seq 18 (antigo): ack=1
   38.605 [ENVIO] 14,19,1,1,19850,3069,,,3117,,1,0,97930,136528
   40.588 [ENVIO] 14,20,1,1,19834,3083,,,3131,,1,0,97922,130501
   42.580 [ENVIO] 14,21,1,1,19854,3179,,,3228,,1,0,97929,130489
   44.581 [ENVIO] 14,22,1,1,19873,3058,,,3106,,1,0,97920,130500
   46.584 [ENVIO] 14,23,1,1,19854,3106,,,3154,,1,0,97929,130489
   48.586 [TESTE] reenvio do seq 24 (duplicado): ack=1
   48.586 [TESTE] reenvio do seq 23 (antigo): ack=1
   48.595 [ENVIO] 14,24,1,1,19898,3096,,,3146,,1,0,97920,136532
   50.595 [ENVIO] 14,25,1,1,19810,3169,,,3218,,1,0,97929,130497
   52.625 [ENVIO] 14,26,1,1,19813,3114,,,3162,,1,0,97922,130493
   54.656 [ENVIO] 14,27,1,1,19876,3067,,,3115,,1,0,97926,130497
   56.677 [ENVIO] 14,28,1,1,19838,3390,,,3438,,1,0,97921,131492
   58.674 [TESTE] reenvio do seq 29 (duplicado): ack=1
   58.675 [TESTE] reenvio do seq 28 (antigo): ack=1
   58.683 [ENVIO] 14,29,1,1,19872,3174,,,3222,,1,0,97929,134528
   60.692 [ENVIO] 14,30,1,1,19834,3086,,,3134,,1,0,97921,130501
   62.706 [ENVIO] 14,31,1,1,19854,3109,,,3157,,1,0,97929,130489
   64.701 [ENVIO] 14,32,1,1,19898,4504,,,4553,,1,0,97922,132501
   66.681 [ENVIO] 14,33,1,1,19854,3073,,,3121,,1,0,97930,130489
   68.666 [TESTE] reenvio do seq 34 (duplicado): ack=1
   68.666 [TESTE] reenvio do seq 33 (antigo): ack=1
   68.676 [ENVIO] 14,34,1,1,19898,3098,,,3147,,1,0,97922,135532
   70.667 [ENVIO] 14,35,1,1,19811,3143,,,3192,,1,0,97929,130497
   72.667 [ENVIO] 14,36,1,1,19812,3111,,,3159,,1,0,97922,130493
   74.665 [ENVIO] 14,37,1,1,19850,3069,,,3117,,1,0,97929,130497
