    0.016 ets Jul 29 2019 12:21:46
    0.016 
    0.017 rst:0x1 (POWERON_RESET),boot:0x13 (SPI_FAST_FLASH_BOOT)
    0.017 configsip: 0, SPIWP:0xee
    0.026 clk_drv:0x00,q_drv:0x00,d_drv:0x00,cs0_drv:0x00,hd_drv:0x00,wp_drv:0x00
    0.027 mode:DIO, clock div:2
    0.027 load:0x3fff0030,len:4640
    0.030 load:0x40078000,len:15632
    0.031 load:0x40080400,len:3164
    0.031 entry 0x4008059c
    0.605 
    0.605 [BOOT] no sensor - etapa 4
    0.619 [BOOT] boot=15 motivo=1 protocolo v1 (22 bytes) canal=6 destino=88:57:21:70:91:fd
    0.624 [ENVIO] boot,seq,ack,tentativas,ligar_us,t1_us,t2_us,t3_us,envio_us,erro,tent_ant,flags,leitura_us,ciclo_us
    0.988 [ENVIO] 15,0,0,3,109962,33010,31781,37271,142612,,0,0,98659,361705
    2.897 [ENVIO] 15,1,0,3,19628,32420,32147,36339,147644,,3,2,98015,274555
    4.914 [ENVIO] 15,2,0,3,19611,39409,35217,32821,163180,,3,2,98001,290559
    6.913 [ENVIO] 15,3,0,3,19558,36332,34698,40085,159501,,3,2,98003,286555
    8.906 [ENVIO] 15,4,0,3,19611,37723,30229,36357,146716,,3,2,98001,274559
   10.923 [ENVIO] 15,5,0,3,19566,37594,40818,29071,157479,,3,2,98003,284555
   12.926 [ENVIO] 15,6,0,3,19611,35067,32405,27981,151342,,3,2,98001,278559
   14.958 [ENVIO] 15,7,0,3,19577,40151,32377,48602,172999,,3,2,98002,300555
   16.937 [ENVIO] 15,8,0,3,19611,35579,33160,29656,142015,,3,2,98002,269559
   18.966 [ENVIO] 15,9,0,3,19581,42172,29166,41334,160726,,3,2,98002,288555
   20.968 [ENVIO] 15,10,0,3,19611,32554,36381,31370,151729,,3,2,98002,279559
   22.991 [ENVIO] 15,11,0,3,19577,37201,41196,39235,163632,,3,2,98002,291555
   24.988 [ENVIO] 15,12,0,3,19611,38027,31111,30520,149879,,3,2,98003,277559
   27.011 [ENVIO] 15,13,0,3,19597,39631,32874,36594,162971,,3,2,98003,290555
   29.009 [ENVIO] 15,14,0,3,19611,33579,29916,31636,151995,,3,2,98002,279559
   31.023 [ENVIO] 15,15,0,3,19577,46734,29017,31961,156358,,3,2,98003,283555
   33.037 [ENVIO] 15,16,0,3,19612,37077,37344,30238,159597,,3,2,98001,287559
   35.047 [ENVIO] 15,17,0,3,19577,40326,32535,34461,162858,,3,2,98002,290555
   37.052 [ENVIO] 15,18,0,3,19630,43159,35778,33017,163357,,3,2,98003,290559
   39.043 [ENVIO] 15,19,0,3,19597,34715,31462,37438,148815,,3,2,98002,276555
   41.055 [ENVIO] 15,20,0,3,19626,37571,35352,31141,152485,,3,2,98003,279559
   42.972 [ENVIO] 15,21,0,3,19597,38899,30162,30777,148154,,3,2,98001,275555
   44.966 [ENVIO] 15,22,0,3,19630,35271,31465,36272,150612,,3,2,98003,278559
   46.988 [ENVIO] 15,23,0,3,19614,39867,46987,27911,161271,,3,2,98002,288555
   49.004 [ENVIO] 15,24,0,3,19611,42102,28599,42955,166314,,3,2,98002,293559
