    0.016 ets Jul 29 2019 12:21:46
    0.016 
    0.017 rst:0x1 (POWERON_RESET),boot:0x13 (SPI_FAST_FLASH_BOOT)
    0.017 configsip: 0, SPIWP:0xee
    0.028 clk_drv:0x00,q_drv:0x00,d_drv:0x00,cs0_drv:0x00,hd_drv:0x00,wp_drv:0x00
    0.028 mode:DIO, clock div:2
    0.029 load:0x3fff0030,len:4640
    0.030 load:0x40078000,len:15632
    0.030 load:0x40080400,len:3164
    0.030 entry 0x4008059c
    0.606 
    0.606 [BOOT] no sensor - etapa 4
    0.620 [BOOT] boot=16 motivo=1 protocolo v1 (22 bytes) canal=2 destino=88:57:21:70:91:fd
    0.625 [ENVIO] boot,seq,ack,tentativas,ligar_us,t1_us,t2_us,t3_us,envio_us,erro,tent_ant,flags,leitura_us,ciclo_us
    0.997 [ENVIO] 16,0,0,3,114474,30528,27917,37350,145178,,0,0,98648,368693
    2.926 [ENVIO] 16,1,0,3,19828,35530,44013,37037,168142,,3,2,98017,295558
    4.793 [ENVIO] 16,2,1,1,19854,13955,,,14007,,3,2,98004,141562
    6.813 [ENVIO] 16,3,1,1,19770,9604,,,9657,,1,0,98005,136558
    8.837 [ENVIO] 16,4,1,1,19878,6046,,,6098,,1,0,98004,133562
   10.842 [ENVIO] 16,5,1,1,19800,3090,,,3142,,1,0,98004,130558
   12.850 [ENVIO] 16,6,1,1,19858,4464,,,4516,,1,0,98004,132562
   14.857 [ENVIO] 16,7,1,1,19836,4310,,,4362,,1,0,98006,132558
   16.862 [ENVIO] 16,8,1,1,19874,3128,,,3181,,1,0,98003,130562
   18.870 [ENVIO] 16,9,1,1,19854,3068,,,3122,,1,0,98005,130558
   20.888 [ENVIO] 16,10,1,1,19880,3319,,,3373,,1,0,98004,131562
   22.904 [ENVIO] 16,11,1,1,19854,3103,,,3156,,1,0,98006,130558
   24.923 [ENVIO] 16,12,1,1,19862,4896,,,4948,,1,0,98004,132562
   26.931 [ENVIO] 16,13,1,1,19877,5034,,,5086,,1,0,98005,132558
   28.934 [ENVIO] 16,14,1,1,19893,8599,,,8651,,1,0,98004,136562
   30.926 [ENVIO] 16,15,1,1,19892,3135,,,3187,,1,0,98005,130558
   32.924 [ENVIO] 16,16,1,1,19862,3085,,,3137,,1,0,98004,130562
   34.928 [ENVIO] 16,17,1,1,19873,8094,,,8146,,1,0,98005,135558
   36.908 [ENVIO] 16,18,1,1,19858,7646,,,7698,,1,0,98005,135562
   38.894 [ENVIO] 16,19,1,1,19836,3116,,,3168,,1,0,98005,130558
   40.901 [ENVIO] 16,20,1,1,19901,3162,,,3214,,1,0,98005,130561
   42.909 [ENVIO] 16,21,1,1,19840,3481,,,3533,,1,0,98006,131558
   44.879 [ENVIO] 16,22,1,1,19841,3169,,,3221,,1,0,98004,130562
   46.885 [ENVIO] 16,23,1,1,19854,3099,,,3152,,1,0,98004,130558
   48.892 [ENVIO] 16,24,1,1,19901,3116,,,3168,,1,0,98003,130562
